18
9
1 4 7 1 4 7 2 5 8
6
1 1 1 4 4 4
13
2 2 3 4 4  8 9 10 10 10 2 2 2
8
5 7 9 6 10 10 5 7
5
149998 150000 150000 150000 149999
3
150000 150000 150000
9
150000 149998 149996 149994 150000 150000 149999 149998 149997
15
1 3 5 7 9 9 8 7 6 5 4 3 2 1 1
8
2 2 3 3 4 4 5 5
6
2 2 1 3 4 5
4
2 3 2 1
8
15000 14999 14998 14999 1 2 3 2
18
2 2 2 1 1 1 4 3 6 5 8 7 8 14999 15000 15000 14998 14997
9
2 4 6 8 9 3 3 7 7
6
1 1 2 2 3 3
10
2 3 4 5 6  9 10 10 10 10
11
2 3 4 5 6 7 9 10 10 10 10
7
149999 149999 149999 150000 150000 150000 150000
