b 540 720 0.211765 0.172549 0.152941
r 211 190 333 441 0.796078 0.517647 0.305882 0.501961
r 58 398 200 719 0.47451 0.231373 0.239216 0.501961
r 253 601 393 719 0.396078 0.368627 0.392157 0.501961
r 278 326 348 479 0.737255 0.423529 0.329412 0.501961
r 377 0 539 692 0.0117647 0.0627451 0.0784314 0.501961
r 93 318 142 506 0.380392 0.423529 0.419608 0.501961
r 211 413 265 595 0.054902 0.0470588 0.0392157 0.501961
r 303 39 431 301 0.0588235 0.0784314 0.0470588 0.501961
r 132 107 183 373 0 0.0235294 0 0.501961
r 186 170 320 271 0.552941 0.423529 0.211765 0.501961
r 37 562 144 719 0.447059 0.0705882 0.0745098 0.501961
r 180 76 371 146 0 0.0156863 0 0.501961
r 268 550 319 585 0.631373 0.396078 0.25098 0.501961
r 198 352 302 379 0.756863 0.521569 0.356863 0.501961
r 328 595 405 692 0.392157 0.317647 0.32549 0.501961
r 245 467 291 544 0 0.00784314 0 0.501961
r 166 396 228 440 0.0117647 0.0901961 0.0627451 0.501961
r 188 276 252 317 0.286275 0.152941 0.0745098 0.501961
r 250 372 339 451 0.533333 0.305882 0.294118 0.501961
r 228 196 286 243 0.643137 0.588235 0.364706 0.501961
r 114 390 162 473 0.407843 0.403922 0.384314 0.501961
r 273 317 297 372 0.929412 0.603922 0.352941 0.501961
r 0 202 76 534 0.0941176 0.172549 0.168627 0.501961
r 183 427 202 633 0.317647 0.372549 0.372549 0.501961
r 241 587 315 672 0.196078 0.219608 0.231373 0.501961
r 97 165 131 294 0 0.054902 0.027451 0.501961
r 287 250 383 303 0.266667 0.172549 0.12549 0.501961
r 213 144 306 198 0.4 0.211765 0.0823529 0.501961
r 395 211 458 461 0.00392157 0.0156863 0.00784314 0.501961
r 159 94 210 192 0.0509804 0.0705882 0.0431373 0.501961
r 179 621 249 679 0.415686 0.2 0.203922 0.501961
r 289 454 386 484 0.537255 0.329412 0.152941 0.501961
r 121 307 141 398 0.372549 0.364706 0.356863 0.501961
r 248 697 294 719 0.603922 0.196078 0.2 0.501961
r 398 628 408 699 0.486275 0.027451 0.0313726 0.501961
r 111 548 154 631 0.231373 0.133333 0.133333 0.501961
r 327 293 387 353 0.215686 0.156863 0.117647 0.501961
r 156 329 179 404 0.00392157 0.0196078 0.00784314 0.501961
r 0 0 116 219 0.180392 0.290196 0.294118 0.501961
r 223 372 261 400 0.733333 0.505882 0.317647 0.501961
r 241 662 269 688 0.0196078 0.0901961 0.0823529 0.501961
r 360 345 406 424 0.0901961 0.0745098 0.054902 0.501961
r 4 279 50 622 0.137255 0.152941 0.141176 0.501961
r 287 643 337 702 0.34902 0.380392 0.388235 0.501961
r 262 352 275 390 0.321569 0.207843 0.172549 0.501961
r 194 266 230 353 0.313726 0.219608 0.156863 0.501961
r 307 418 335 480 0.686275 0.403922 0.341176 0.501961
r 202 479 232 548 0.305882 0.196078 0.211765 0.501961
r 284 355 300 364 1 0.890196 0.74902 0.501961
r 299 477 365 560 0.345098 0.184314 0.0941176 0.501961
r 278 622 301 650 0.054902 0.0901961 0.0901961 0.501961
r 42 598 72 718 0.501961 0.105882 0.109804 0.501961
r 197 681 239 719 0.239216 0.027451 0.027451 0.501961
r 77 189 100 365 0.0980392 0.141176 0.137255 0.501961
r 65 522 108 635 0.454902 0.109804 0.105882 0.501961
r 198 421 238 450 0.027451 0.0352941 0.0117647 0.501961
r 335 587 381 655 0.298039 0.356863 0.368627 0.501961
r 353 249 364 362 0 0.0705882 0.0941176 0.501961
r 346 373 364 543 0.317647 0.196078 0.129412 0.501961
r 117 0 539 81 0.117647 0.188235 0.184314 0.501961
r 408 693 539 719 0.0745098 0.0509804 0.101961 0.501961
r 287 205 331 233 0.537255 0.411765 0.258824 0.501961
r 234 407 326 423 0.498039 0.262745 0.262745 0.501961
r 88 0 162 128 0.156863 0.227451 0.223529 0.501961
r 285 288 326 331 0.509804 0.317647 0.223529 0.501961
r 329 136 392 203 0.0313726 0.0431373 0.0235294 0.501961
r 73 384 109 516 0.290196 0.290196 0.286275 0.501961
r 284 584 315 600 0.360784 0.384314 0.403922 0.501961
r 369 277 377 328 0.517647 0.290196 0.152941 0.501961
r 396 435 520 632 0.0823529 0.0901961 0.129412 0.501961
r 199 302 236 311 0.619608 0.403922 0.301961 0.501961
r 274 378 291 399 0.27451 0.2 0.113725 0.501961
r 328 679 410 719 0.356863 0.203922 0.207843 0.501961
r 268 293 280 361 0.756863 0.482353 0.309804 0.501961
r 105 152 161 266 0.0705882 0.0705882 0.0392157 0.501961
r 29 666 49 719 0.482353 0.0784314 0.0862745 0.501961
r 196 219 298 258 0.541176 0.45098 0.239216 0.501961
r 269 439 353 459 0.513726 0.384314 0.235294 0.501961
r 350 540 401 578 0.0784314 0.105882 0.160784 0.501961
r 162 680 220 707 0.447059 0.168627 0.164706 0.501961
r 263 644 281 663 0.0156863 0.0666667 0.0705882 0.501961
r 216 695 240 719 0 0.0862745 0.0666667 0.501961
r 302 598 320 621 0.0313726 0.0980392 0.121569 0.501961
r 240 612 254 668 0.376471 0.305882 0.309804 0.501961
r 225 438 258 495 0.054902 0.0627451 0.0313726 0.501961
r 297 422 331 435 0.807843 0.384314 0.505882 0.501961
r 241 194 278 226 0.654902 0.564706 0.376471 0.501961
r 168 278 229 290 0.141176 0.0862745 0.0352941 0.501961
r 163 407 193 475 0.254902 0.266667 0.25098 0.501961
r 197 165 213 274 0.466667 0.290196 0.172549 0.501961
r 314 615 352 662 0.317647 0.388235 0.4 0.501961
r 244 475 299 540 0.0901961 0.0705882 0.0431373 0.501961
r 321 247 335 268 0.505882 0.352941 0.219608 0.501961
r 70 465 124 525 0.384314 0.235294 0.231373 0.501961
r 316 573 347 597 0.0470588 0.12549 0.180392 0.501961
r 384 0 539 179 0.14902 0.168627 0.14902 0.501961
r 324 343 354 374 0.454902 0.341176 0.262745 0.501961
r 180 562 193 719 0.4 0.286275 0.282353 0.501961
r 216 627 224 653 0.0627451 0.0235294 0 0.501961
r 280 261 313 293 0.345098 0.188235 0.0941176 0.501961
r 314 147 409 180 0.0509804 0.0666667 0.0431373 0.501961
r 306 242 321 263 0.156863 0.101961 0.0784314 0.501961
r 354 447 394 470 0.219608 0.12549 0.0901961 0.501961
r 317 525 356 551 0.403922 0.262745 0.164706 0.501961
r 311 398 348 411 0.376471 0.152941 0.247059 0.501961
r 233 622 240 641 0.643137 0.0196078 0.0196078 0.501961
r 232 676 256 701 0.0352941 0.0901961 0.0823529 0.501961
r 139 316 216 328 0.0901961 0.0784314 0.0431373 0.501961
r 358 197 368 251 0.329412 0.164706 0.0823529 0.501961
r 97 370 151 412 0.352941 0.345098 0.341176 0.501961
r 311 373 335 394 0.705882 0.490196 0.337255 0.501961
r 43 100 81 208 0.266667 0.262745 0.254902 0.501961
r 216 68 304 129 0.0431373 0.0705882 0.0509804 0.501961
r 284 557 304 575 0.639216 0.380392 0.192157 0.501961
r 212 577 272 600 0.12549 0.105882 0.0980392 0.501961
r 195 350 265 364 0.556863 0.364706 0.235294 0.501961
r 256 604 271 648 0.360784 0.32549 0.32549 0.501961
r 148 104 215 162 0.0666667 0.0823529 0.054902 0.501961
r 231 317 239 329 0.568627 0.572549 0.607843 0.501961
r 221 646 235 682 0.478431 0.176471 0.184314 0.501961
r 287 446 314 450 0.231373 0.152941 0.0862745 0.501961
r 130 269 142 368 0.231373 0.223529 0.207843 0.501961
r 282 705 291 719 0.713726 0.0588235 0.0588235 0.501961
r 128 404 136 538 0.27451 0.341176 0.341176 0.501961
r 240 396 278 422 0.584314 0.403922 0.254902 0.501961
r 285 321 303 345 0.713726 0.364706 0.109804 0.501961
r 110 590 122 660 0.196078 0.12549 0.12549 0.501961
r 245 274 292 296 0.560784 0.356863 0.160784 0.501961
r 206 326 233 339 0.423529 0.403922 0.337255 0.501961
r 196 390 214 438 0.0823529 0.0588235 0.0235294 0.501961
r 363 417 369 446 0.447059 0.305882 0.215686 0.501961
r 370 386 473 434 0.0666667 0.0705882 0.0627451 0.501961
r 207 380 230 402 0.513726 0.290196 0.184314 0.501961
r 260 681 286 698 0.439216 0.32549 0.321569 0.501961
r 276 163 315 200 0.372549 0.215686 0.109804 0.501961
r 170 368 180 429 0.0588235 0.0666667 0.0431373 0.501961
r 372 508 450 603 0.105882 0.117647 0.145098 0.501961
r 57 398 71 472 0.0941176 0.152941 0.129412 0.501961
r 386 611 399 661 0.384314 0.172549 0.160784 0.501961
r 286 452 340 472 0.603922 0.419608 0.219608 0.501961
r 362 709 373 719 0.647059 0.141176 0.133333 0.501961
r 265 548 276 574 0.298039 0.313726 0.360784 0.501961
r 474 81 539 386 0.141176 0.176471 0.160784 0.501961
r 290 485 380 515 0.243137 0.137255 0.0823529 0.501961
r 445 181 539 246 0.141176 0.164706 0.14902 0.501961
r 48 556 57 624 0.305882 0.235294 0.231373 0.501961
r 277 223 312 246 0.470588 0.447059 0.282353 0.501961
r 209 459 219 558 0.286275 0.188235 0.188235 0.501961
r 69 706 80 719 0.258824 0.329412 0.309804 0.501961
r 294 614 307 632 0.0431373 0.0784314 0.0980392 0.501961
r 259 462 281 524 0.0352941 0.0509804 0.027451 0.501961
r 414 263 470 336 0.0196078 0.0352941 0.027451 0.501961
r 328 162 358 210 0.145098 0.133333 0.0901961 0.501961
r 167 663 180 719 0.490196 0.14902 0.145098 0.501961
r 208 647 215 677 0.211765 0.027451 0.00784314 0.501961
r 275 314 282 332 0.854902 0.647059 0.521569 0.501961
r 283 411 320 422 0.435294 0.160784 0.258824 0.501961
r 175 304 192 357 0.133333 0.160784 0.141176 0.501961
r 267 597 288 606 0.117647 0.0862745 0.0627451 0.501961
r 318 327 328 347 0.678431 0.517647 0.427451 0.501961
r 0 623 25 719 0.117647 0.145098 0.137255 0.501961
r 324 410 340 426 0.717647 0.396078 0.47451 0.501961
r 140 395 163 459 0.403922 0.333333 0.313726 0.501961
r 356 578 377 608 0.247059 0.282353 0.290196 0.501961
r 408 581 539 697 0.12549 0.101961 0.133333 0.501961
r 361 357 374 405 0.0196078 0.0784314 0.0901961 0.501961
r 218 316 223 320 0.643137 0.690196 0.701961 0.501961
r 327 276 333 279 0.603922 0.639216 0.65098 0.501961
r 259 0 376 75 0.105882 0.133333 0.121569 0.501961
r 207 313 237 316 0.0941176 0.0705882 0.0352941 0.501961
r 191 287 247 302 0.32549 0.172549 0.0980392 0.501961
r 253 297 261 354 0.454902 0.243137 0.101961 0.501961
r 394 402 406 435 0.215686 0.145098 0.109804 0.501961
r 190 442 200 588 0.309804 0.341176 0.341176 0.501961
r 263 616 283 632 0.352941 0.341176 0.352941 0.501961
r 365 31 495 125 0.129412 0.145098 0.129412 0.501961
r 445 427 485 465 0.121569 0.14902 0.156863 0.501961
r 139 496 161 570 0.329412 0.113725 0.12549 0.501961
r 96 98 136 171 0.137255 0.188235 0.184314 0.501961
r 294 542 337 566 0.388235 0.223529 0.129412 0.501961
r 244 142 291 178 0.376471 0.227451 0.101961 0.501961
r 334 312 345 358 0.403922 0.278431 0.192157 0.501961
r 127 605 146 647 0.431373 0.0941176 0.0901961 0.501961
r 253 421 284 443 0.447059 0.27451 0.215686 0.501961
r 402 663 408 694 0.52549 0.0313726 0.027451 0.501961
r 342 217 359 307 0.0666667 0.129412 0.133333 0.501961
r 0 275 77 430 0.145098 0.160784 0.14902 0.501961
r 161 204 170 281 0.235294 0.129412 0.0745098 0.501961
r 111 457 125 519 0.490196 0.247059 0.243137 0.501961
r 213 138 256 156 0.176471 0.14902 0.0784314 0.501961
r 294 255 312 270 0.192157 0.12549 0.0862745 0.501961
r 82 350 100 383 0.231373 0.239216 0.235294 0.501961
r 274 581 298 584 0.737255 0.403922 0.2 0.501961
r 309 579 317 591 0.278431 0.431373 0.478431 0.501961
r 101 0 191 88 0.168627 0.219608 0.215686 0.501961
r 310 449 331 483 0.611765 0.4 0.243137 0.501961
r 125 146 192 195 0.0745098 0.0823529 0.0509804 0.501961
r 193 370 199 403 0.0666667 0.0784314 0.0352941 0.501961
r 82 366 89 548 0.266667 0.258824 0.247059 0.501961
r 203 159 227 195 0.32549 0.2 0.117647 0.501961
r 297 78 364 152 0.0431373 0.0666667 0.054902 0.501961
r 137 652 170 719 0.329412 0.164706 0.156863 0.501961
r 223 257 280 281 0.501961 0.372549 0.176471 0.501961
r 309 270 320 277 0.533333 0.376471 0.270588 0.501961
r 1 354 43 639 0.160784 0.160784 0.14902 0.501961
r 207 584 235 629 0.215686 0.121569 0.109804 0.501961
r 280 354 291 369 0.921569 0.678431 0.498039 0.501961
r 118 561 132 614 0.2 0.172549 0.184314 0.501961
r 144 276 165 375 0.0588235 0.0470588 0.0156863 0.501961
r 204 359 250 384 0.643137 0.439216 0.286275 0.501961
r 98 288 121 331 0.160784 0.188235 0.180392 0.501961
r 291 434 335 443 0.6 0.231373 0.313726 0.501961
r 271 377 302 389 0.380392 0.243137 0.156863 0.501961
r 215 661 229 686 0.360784 0.258824 0.266667 0.501961
r 201 660 211 717 0.368627 0.0745098 0.0705882 0.501961
r 291 641 318 708 0.329412 0.333333 0.341176 0.501961
r 185 203 197 275 0.439216 0.294118 0.180392 0.501961
r 293 594 307 605 0.364706 0.364706 0.372549 0.501961
r 309 184 324 211 0.431373 0.231373 0.0901961 0.501961
r 404 576 437 645 0.0784314 0.121569 0.152941 0.501961
r 238 708 275 719 0.352941 0.262745 0.258824 0.501961
r 348 271 354 352 0.117647 0.184314 0.215686 0.501961
r 518 582 533 606 0.262745 0.0980392 0.105882 0.501961
r 372 171 417 264 0.054902 0.0509804 0.0431373 0.501961
r 385 430 437 457 0.0352941 0.0509804 0.0392157 0.501961
r 312 290 321 296 0.486275 0.454902 0.466667 0.501961
r 271 691 284 711 0.607843 0.2 0.203922 0.501961
r 312 593 324 607 0.027451 0.0823529 0.121569 0.501961
r 155 465 178 523 0.286275 0.156863 0.164706 0.501961
r 24 689 70 719 0.403922 0.137255 0.133333 0.501961
r 319 275 328 291 0.172549 0.0823529 0 0.501961
r 100 646 112 718 0.290196 0.109804 0.117647 0.501961
r 358 649 400 710 0.290196 0.239216 0.239216 0.501961
r 87 265 124 302 0.105882 0.0980392 0.0705882 0.501961
r 448 316 503 376 0.105882 0.12549 0.0980392 0.501961
r 185 394 193 491 0.262745 0.290196 0.27451 0.501961
r 265 287 276 353 0.639216 0.419608 0.258824 0.501961
r 376 292 388 394 0.207843 0.101961 0.0627451 0.501961
r 234 370 262 389 0.682353 0.501961 0.360784 0.501961
r 306 321 314 373 0.54902 0.309804 0.176471 0.501961
r 271 571 278 581 0.47451 0.45098 0.45098 0.501961
r 223 529 265 592 0.109804 0.117647 0.0980392 0.501961
r 52 617 69 671 0.494118 0.0627451 0.0666667 0.501961
r 216 301 224 310 0.662745 0.498039 0.384314 0.501961
r 253 658 263 682 0.0588235 0.0862745 0.0784314 0.501961
r 224 646 232 657 0.556863 0.0196078 0.0156863 0.501961
r 281 14 309 91 0.129412 0.14902 0.137255 0.501961
r 220 406 234 429 0.27451 0.164706 0.0941176 0.501961
r 94 518 123 584 0.392157 0.168627 0.168627 0.501961
r 275 441 288 467 0.458824 0.380392 0.14902 0.501961
r 363 463 382 489 0.372549 0.243137 0.172549 0.501961
r 300 349 323 364 0.741176 0.462745 0.294118 0.501961
r 279 197 291 262 0.529412 0.494118 0.301961 0.501961
r 199 442 206 502 0.192157 0.231373 0.231373 0.501961
r 378 597 386 650 0.384314 0.278431 0.270588 0.501961
r 149 431 175 451 0.411765 0.32549 0.309804 0.501961
r 325 300 340 318 0.266667 0.14902 0.0980392 0.501961
r 289 392 301 399 0.682353 0.529412 0.403922 0.501961
r 215 124 227 161 0.235294 0.168627 0.113725 0.501961
r 334 565 353 588 0.0666667 0.109804 0.152941 0.501961
r 288 505 307 543 0.180392 0.113725 0.0745098 0.501961
r 179 297 183 449 0.129412 0.14902 0.129412 0.501961
r 353 186 359 207 0.337255 0.176471 0.0941176 0.501961
r 317 258 328 272 0.47451 0.333333 0.227451 0.501961
r 16 112 46 148 0.266667 0.270588 0.262745 0.501961
r 226 334 270 357 0.564706 0.356863 0.215686 0.501961
r 190 289 209 317 0.364706 0.203922 0.129412 0.501961
r 342 377 354 406 0.309804 0.196078 0.117647 0.501961
r 190 320 201 341 0.160784 0.0705882 0.027451 0.501961
r 193 620 201 691 0.27451 0.227451 0.219608 0.501961
r 207 321 230 324 0.156863 0.121569 0.0588235 0.501961
r 199 202 233 245 0.537255 0.392157 0.223529 0.501961
r 297 217 335 230 0.478431 0.34902 0.219608 0.501961
r 323 442 351 452 0.568627 0.435294 0.341176 0.501961
r 366 230 381 282 0.239216 0.109804 0.0666667 0.501961
r 0 165 55 262 0.172549 0.215686 0.211765 0.501961
r 234 643 246 671 0.321569 0.282353 0.286275 0.501961
r 78 610 102 693 0.439216 0.164706 0.160784 0.501961
r 396 624 402 638 0.494118 0.0352941 0.0313726 0.501961
r 439 387 484 407 0.027451 0.0509804 0.0431373 0.501961
r 223 493 239 535 0.211765 0.156863 0.160784 0.501961
r 361 529 405 567 0.113725 0.113725 0.141176 0.501961
r 0 578 2 598 0.486275 0.054902 0.0666667 0.501961
r 66 660 92 709 0.415686 0.172549 0.168627 0.501961
r 316 237 339 249 0.231373 0.152941 0.105882 0.501961
r 368 296 373 338 0.443137 0.27451 0.172549 0.501961
r 493 543 507 655 0.0588235 0.0705882 0.0705882 0.501961
r 159 704 178 719 0.517647 0.172549 0.168627 0.501961
r 100 349 128 389 0.352941 0.34902 0.360784 0.501961
r 103 280 112 324 0.215686 0.235294 0.227451 0.501961
r 135 351 140 422 0.388235 0.368627 0.356863 0.501961
r 253 594 259 663 0.290196 0.258824 0.25098 0.501961
r 207 688 222 702 0.431373 0.0745098 0.0745098 0.501961
r 0 206 92 250 0.168627 0.211765 0.207843 0.501961
r 293 299 318 322 0.509804 0.360784 0.294118 0.501961
r 327 270 341 276 0.0588235 0.0431373 0.0235294 0.501961
r 53 157 72 206 0.305882 0.262745 0.254902 0.501961
r 87 538 96 562 0.427451 0.0470588 0.0509804 0.501961
r 121 385 128 470 0.439216 0.403922 0.376471 0.501961
r 314 514 326 576 0.337255 0.207843 0.133333 0.501961
r 274 543 298 553 0.309804 0.160784 0.0901961 0.501961
r 311 136 330 174 0.0980392 0.121569 0.101961 0.501961
r 278 660 316 688 0.313726 0.34902 0.356863 0.501961
r 35 654 59 695 0.462745 0.0823529 0.0823529 0.501961
r 508 503 535 548 0.0745098 0.0705882 0.0705882 0.501961
r 383 455 391 478 0.313726 0.192157 0.133333 0.501961
r 408 655 425 719 0.2 0.0980392 0.113725 0.501961
r 402 445 425 486 0.0352941 0.0509804 0.0509804 0.501961
r 196 344 201 377 0.470588 0.282353 0.152941 0.501961
r 270 640 285 656 0.0705882 0.105882 0.109804 0.501961
r 259 570 269 597 0.0705882 0.109804 0.12549 0.501961
r 325 433 335 443 0.431373 0.266667 0.188235 0.501961
r 68 475 73 543 0.392157 0.172549 0.164706 0.501961
r 186 256 224 273 0.423529 0.317647 0.239216 0.501961
r 221 456 270 467 0.0470588 0.0470588 0.0235294 0.501961
r 318 610 382 630 0.313726 0.356863 0.360784 0.501961
r 25 613 32 679 0.117647 0.152941 0.145098 0.501961
r 183 186 189 249 0.286275 0.219608 0.133333 0.501961
r 180 0 236 77 0.141176 0.188235 0.188235 0.501961
r 205 393 218 412 0.192157 0.12549 0.0823529 0.501961
r 0 460 60 574 0.152941 0.168627 0.152941 0.501961
r 345 120 376 167 0.0235294 0.0431373 0.0313726 0.501961
r 354 234 361 322 0.0470588 0.0745098 0.0666667 0.501961
r 261 355 267 373 0.380392 0.207843 0.172549 0.501961
r 238 311 251 348 0.533333 0.364706 0.239216 0.501961
r 54 555 61 599 0.364706 0.223529 0.219608 0.501961
r 133 458 150 489 0.321569 0.317647 0.313726 0.501961
r 74 434 108 509 0.321569 0.278431 0.270588 0.501961
r 249 203 282 212 0.690196 0.592157 0.396078 0.501961
r 353 634 370 651 0.439216 0.298039 0.298039 0.501961
r 152 551 180 664 0.290196 0.184314 0.176471 0.501961
r 213 640 218 662 0.0862745 0.0627451 0.0313726 0.501961
r 214 613 220 633 0.368627 0.215686 0.211765 0.501961
r 323 419 331 428 0.788235 0.545098 0.564706 0.501961
r 305 630 323 686 0.333333 0.341176 0.34902 0.501961
r 361 427 372 443 0.392157 0.266667 0.196078 0.501961
r 262 107 355 135 0.0313726 0.0470588 0.0352941 0.501961
r 210 713 230 719 0.00784314 0.0627451 0.0235294 0.501961
r 412 308 444 383 0.0117647 0.0235294 0.0196078 0.501961
r 339 46 374 110 0.101961 0.113725 0.0862745 0.501961
r 346 352 351 390 0.458824 0.313726 0.231373 0.501961
r 248 694 265 706 0.317647 0.286275 0.262745 0.501961
r 228 688 244 713 0.0509804 0.109804 0.0980392 0.501961
r 344 472 356 484 0.239216 0.113725 0.0705882 0.501961
r 150 352 181 387 0.0666667 0.0627451 0.0431373 0.501961
r 131 344 133 388 0.168627 0.196078 0.184314 0.501961
r 177 643 184 719 0.466667 0.231373 0.227451 0.501961
r 294 470 345 478 0.529412 0.352941 0.192157 0.501961
r 291 354 296 364 0.964706 0.843137 0.733333 0.501961
r 289 406 346 414 0.501961 0.239216 0.27451 0.501961
r 91 397 98 474 0.341176 0.345098 0.333333 0.501961
r 237 84 273 93 0 0.0156863 0.00392157 0.501961
r 436 447 459 485 0.117647 0.141176 0.156863 0.501961
r 293 242 306 251 0.470588 0.509804 0.329412 0.501961
r 98 0 152 116 0.172549 0.219608 0.211765 0.501961
r 117 648 139 691 0.435294 0.109804 0.109804 0.501961
r 242 416 260 429 0.462745 0.294118 0.180392 0.501961
r 183 681 193 719 0.298039 0.27451 0.266667 0.501961
r 266 429 279 432 0.294118 0.101961 0.121569 0.501961
r 439 679 532 699 0.160784 0.129412 0.145098 0.501961
r 47 594 53 638 0.356863 0.215686 0.211765 0.501961
r 258 655 273 669 0.0588235 0.0980392 0.109804 0.501961
r 239 186 285 196 0.454902 0.329412 0.223529 0.501961
r 193 708 206 719 0.403922 0.0862745 0.0823529 0.501961
r 123 524 131 575 0.290196 0.235294 0.258824 0.501961
r 87 154 110 193 0.168627 0.184314 0.180392 0.501961
r 346 394 356 407 0.203922 0.0862745 0.0588235 0.501961
r 224 397 238 410 0.490196 0.294118 0.164706 0.501961
r 282 373 292 381 0.709804 0.427451 0.258824 0.501961
r 243 712 257 719 0.521569 0.188235 0.188235 0.501961
r 384 481 412 497 0.0431373 0.054902 0.0627451 0.501961
r 281 630 297 645 0.0862745 0.109804 0.105882 0.501961
r 223 311 230 327 0.203922 0.172549 0.113725 0.501961
r 400 639 404 653 0.545098 0.0235294 0.0156863 0.501961
r 367 382 379 421 0.027451 0.0666667 0.0705882 0.501961
r 251 139 299 145 0.180392 0.14902 0.0784314 0.501961
r 307 296 329 310 0.396078 0.27451 0.219608 0.501961
r 162 277 219 285 0.145098 0.105882 0.0705882 0.501961
r 232 571 240 593 0.235294 0.172549 0.160784 0.501961
r 189 503 196 636 0.388235 0.321569 0.32549 0.501961
r 277 291 289 308 0.552941 0.298039 0.137255 0.501961
r 319 336 323 373 0.698039 0.494118 0.403922 0.501961
r 60 586 112 624 0.454902 0.109804 0.109804 0.501961
r 253 98 271 110 0.133333 0.156863 0.137255 0.501961
r 87 578 94 611 0.388235 0.2 0.192157 0.501961
r 198 376 208 386 0.360784 0.2 0.129412 0.501961
r 117 285 118 342 0.0901961 0.0862745 0.0627451 0.501961
r 291 268 312 296 0.34902 0.196078 0.117647 0.501961
r 482 525 497 571 0.133333 0.133333 0.156863 0.501961
r 381 230 457 285 0.0509804 0.0627451 0.0509804 0.501961
r 335 269 342 290 0.0941176 0.0588235 0.0235294 0.501961
r 287 424 303 434 0.698039 0.25098 0.317647 0.501961
r 385 379 398 420 0.168627 0.101961 0.0745098 0.501961
r 361 445 386 463 0.211765 0.137255 0.0980392 0.501961
r 282 309 300 320 0.552941 0.313726 0.172549 0.501961
r 172 90 216 156 0.0705882 0.0823529 0.0666667 0.501961
r 267 293 273 305 0.619608 0.505882 0.427451 0.501961
r 271 337 298 347 0.756863 0.427451 0.184314 0.501961
r 262 715 283 719 0.290196 0.301961 0.313726 0.501961
r 273 305 277 320 0.701961 0.564706 0.486275 0.501961
r 282 347 291 360 0.886275 0.572549 0.360784 0.501961
r 73 517 82 580 0.388235 0.117647 0.117647 0.501961
r 171 229 184 285 0.137255 0.145098 0.101961 0.501961
r 203 341 217 351 0.305882 0.172549 0.117647 0.501961
r 291 447 311 452 0.329412 0.219608 0.133333 0.501961
r 358 327 366 383 0.0588235 0.105882 0.109804 0.501961
r 239 604 256 625 0.262745 0.207843 0.2 0.501961
r 340 590 363 620 0.298039 0.321569 0.329412 0.501961
r 345 235 348 306 0.184314 0.203922 0.196078 0.501961
r 143 69 177 97 0.141176 0.192157 0.184314 0.501961
r 208 281 235 294 0.235294 0.137255 0.0784314 0.501961
r 203 335 224 339 0.541176 0.352941 0.290196 0.501961
r 147 389 160 411 0.333333 0.286275 0.262745 0.501961
r 218 318 223 321 0.694118 0.67451 0.654902 0.501961
r 250 637 266 651 0.329412 0.32549 0.333333 0.501961
r 224 679 231 688 0.368627 0.0392157 0.027451 0.501961
r 353 546 365 568 0.0784314 0.0980392 0.133333 0.501961
r 241 303 257 320 0.372549 0.223529 0.145098 0.501961
r 237 434 254 445 0.215686 0.152941 0.0784314 0.501961
r 318 511 368 532 0.329412 0.207843 0.133333 0.501961
r 189 184 213 199 0.368627 0.223529 0.117647 0.501961
r 321 286 332 293 0.372549 0.160784 0 0.501961
r 146 363 153 379 0.211765 0.172549 0.145098 0.501961
r 204 311 216 313 0.560784 0.388235 0.290196 0.501961
r 243 313 250 316 0.686275 0.443137 0.219608 0.501961
r 183 346 192 404 0.133333 0.2 0.184314 0.501961
r 299 433 319 443 0.721569 0.313726 0.364706 0.501961
r 208 545 220 592 0.168627 0.14902 0.156863 0.501961
r 220 621 227 635 0.0941176 0.117647 0.101961 0.501961
r 262 585 276 602 0.101961 0.113725 0.109804 0.501961
r 477 402 512 430 0.109804 0.141176 0.160784 0.501961
r 307 368 317 371 0.388235 0.196078 0.160784 0.501961
r 308 691 334 719 0.286275 0.282353 0.286275 0.501961
r 332 483 347 500 0.180392 0.105882 0.0784314 0.501961
r 333 198 354 217 0.0627451 0.109804 0.101961 0.501961
r 463 377 500 385 0.172549 0.196078 0.180392 0.501961
r 124 312 130 350 0.392157 0.380392 0.372549 0.501961
r 364 149 399 212 0.0470588 0.0588235 0.0431373 0.501961
r 361 214 366 248 0.341176 0.2 0.109804 0.501961
r 291 419 304 421 0.4 0.0470588 0.0705882 0.501961
r 137 378 147 395 0.403922 0.380392 0.352941 0.501961
r 134 680 147 719 0.341176 0.203922 0.192157 0.501961
r 97 192 113 233 0.133333 0.137255 0.12549 0.501961
r 104 308 108 366 0.278431 0.286275 0.286275 0.501961
r 163 360 172 408 0.0509804 0.0588235 0.0431373 0.501961
r 351 350 357 364 0.137255 0.196078 0.243137 0.501961
r 180 461 187 497 0.34902 0.32549 0.317647 0.501961
r 266 358 271 397 0.376471 0.309804 0.290196 0.501961
r 424 423 451 436 0.0117647 0.027451 0.0196078 0.501961
r 372 318 382 365 0.243137 0.129412 0.0823529 0.501961
r 208 602 215 616 0.12549 0.054902 0.0352941 0.501961
r 66 359 85 406 0.168627 0.188235 0.172549 0.501961
r 135 528 150 600 0.321569 0.109804 0.117647 0.501961
r 278 230 297 256 0.498039 0.443137 0.235294 0.501961
r 250 149 300 174 0.380392 0.231373 0.117647 0.501961
r 107 447 112 523 0.403922 0.270588 0.270588 0.501961
r 238 448 263 502 0.0784314 0.0784314 0.0588235 0.501961
r 224 346 244 356 0.560784 0.415686 0.313726 0.501961
r 313 268 333 270 0.486275 0.356863 0.270588 0.501961
r 66 505 103 523 0.301961 0.207843 0.203922 0.501961
r 310 244 324 253 0.196078 0.12549 0.0862745 0.501961
r 310 221 317 239 0.45098 0.443137 0.305882 0.501961
r 108 691 129 719 0.447059 0.133333 0.129412 0.501961
r 95 681 105 719 0.294118 0.12549 0.12549 0.501961
r 282 443 322 446 0.435294 0.258824 0.239216 0.501961
r 364 287 367 333 0.254902 0.2 0.184314 0.501961
r 438 106 467 223 0.105882 0.12549 0.0980392 0.501961
r 269 561 274 573 0.443137 0.411765 0.423529 0.501961
r 286 561 299 572 0.619608 0.392157 0.235294 0.501961
r 287 714 293 719 0.701961 0.0392157 0.0431373 0.501961
r 218 655 228 680 0.345098 0.258824 0.266667 0.501961
r 354 481 371 492 0.376471 0.239216 0.14902 0.501961
r 219 605 225 616 0.372549 0.207843 0.203922 0.501961
r 269 380 285 388 0.294118 0.192157 0.160784 0.501961
r 308 427 321 433 0.815686 0.482353 0.517647 0.501961
r 242 248 252 288 0.556863 0.4 0.2 0.501961
r 328 276 333 279 0.572549 0.560784 0.541176 0.501961
r 239 221 272 249 0.588235 0.486275 0.247059 0.501961
r 399 540 416 626 0.101961 0.101961 0.121569 0.501961
r 296 364 304 374 0.694118 0.372549 0.188235 0.501961
r 461 210 505 250 0.14902 0.168627 0.152941 0.501961
r 390 221 400 354 0.0784314 0.0901961 0.0784314 0.501961
r 297 199 329 207 0.443137 0.278431 0.133333 0.501961
r 145 117 191 180 0.0784314 0.0823529 0.0588235 0.501961
r 83 282 95 335 0.12549 0.113725 0.0901961 0.501961
r 281 570 286 578 0.294118 0.172549 0.113725 0.501961
r 269 91 290 97 0.145098 0.156863 0.145098 0.501961
r 165 281 186 309 0.129412 0.105882 0.0666667 0.501961
r 343 448 352 467 0.509804 0.309804 0.203922 0.501961
r 79 69 121 158 0.176471 0.223529 0.215686 0.501961
r 396 30 425 153 0.133333 0.156863 0.14902 0.501961
r 255 375 261 386 0.701961 0.564706 0.47451 0.501961
r 209 424 224 453 0.0392157 0.0509804 0.0392157 0.501961
r 268 415 293 427 0.521569 0.262745 0.317647 0.501961
r 163 417 166 476 0.372549 0.309804 0.305882 0.501961
r 230 536 283 546 0.109804 0.101961 0.0823529 0.501961
r 283 265 309 274 0.282353 0.180392 0.113725 0.501961
r 502 486 519 521 0.12549 0.12549 0.145098 0.501961
r 313 396 321 397 0.823529 0.572549 0.533333 0.501961
r 256 624 261 632 0.25098 0.121569 0.117647 0.501961