b 960 720 0.329412 0.337255 0.337255
c 430 320 257 0.843137 0.772549 0.733333 0.501961
c 731 359 228 0.0588235 0.0941176 0.129412 0.501961
c 414 636 118 0.85098 0.858824 0.803922 0.501961
c 307 101 119 0.886275 0.843137 0.721569 0.501961
c 122 238 122 0 0.0666667 0.145098 0.501961
c 237 477 101 0.196078 0.192157 0.133333 0.501961
c 279 284 88 0.847059 0.866667 0.807843 0.501961
c 549 256 189 0.623529 0.552941 0.537255 0.501961
c 433 325 54 1 1 1 0.501961
c 602 702 34 0.87451 1 1 0.501961
c 227 366 68 0.439216 0.47451 0.419608 0.501961
c 359 400 55 0.921569 0.87451 0.827451 0.501961
c 379 233 47 0.176471 0.211765 0.243137 0.501961
c 88 582 88 0 0 0.054902 0.501961
c 604 120 128 0.376471 0.298039 0.247059 0.501961
c 187 609 27 0.898039 0.984314 0.941176 0.501961
c 528 511 105 0.596078 0.498039 0.486275 0.501961
c 279 602 58 0.184314 0.0784314 0 0.501961
c 398 539 68 0.866667 0.878431 0.811765 0.501961
c 757 650 32 0.576471 0.74902 0.835294 0.501961
c 328 695 34 0.952941 1 1 0.501961
c 297 476 40 0.0941176 0 0 0.501961
c 348 143 67 0.937255 0.94902 0.964706 0.501961
c 329 299 55 0.941176 0.94902 0.956863 0.501961
c 207 155 71 0.396078 0.415686 0.356863 0.501961
c 217 486 37 0.670588 0.713726 0.654902 0.501961
c 409 28 52 0.243137 0.109804 0 0.501961
c 492 471 40 0.360784 0.105882 0.152941 0.501961
c 438 413 28 0.972549 0.980392 0.980392 0.501961
c 204 552 36 0.592157 0.615686 0.568627 0.501961
c 136 465 55 0 0.0666667 0.160784 0.501961
c 572 243 32 0.0509804 0.117647 0.188235 0.501961
c 714 359 39 0.101961 0.0901961 0.0588235 0.501961
c 845 500 113 0 0.0666667 0.145098 0.501961
c 83 110 83 0 0.105882 0.168627 0.501961
c 820 685 55 0 0 0 0.501961
c 645 566 13 0.847059 1 1 0.501961
c 290 427 25 0.0745098 0 0 0.501961
c 621 430 41 0.639216 0.603922 0.611765 0.501961
c 344 44 25 0.337255 0.203922 0.0745098 0.501961
c 329 234 15 0.160784 0.0509804 0.0431373 0.501961
c 358 457 26 0.921569 0.937255 0.87451 0.501961
c 230 359 64 0.486275 0.501961 0.454902 0.501961
c 704 38 76 0.152941 0.113725 0.0470588 0.501961
c 691 535 46 0.0980392 0.00784314 0 0.501961
c 218 29 32 0.768627 0.803922 0.705882 0.501961
c 366 209 28 0.341176 0.266667 0.223529 0.501961
c 142 695 27 0 0 0 0.501961
c 317 669 23 0.8 1 1 0.501961
c 625 686 15 0.709804 0.909804 0.988235 0.501961
c 447 332 32 0.984314 1 1 0.501961
c 459 274 22 0.898039 0.956863 0.94902 0.501961
c 401 373 33 0.6 0.521569 0.498039 0.501961
c 239 684 39 0.235294 0.141176 0 0.501961
c 296 211 29 0.956863 0.937255 0.913725 0.501961
c 188 704 16 0.866667 0.776471 0.54902 0.501961
c 695 673 49 0.231373 0.141176 0.0352941 0.501961
c 282 379 16 0.223529 0.0980392 0 0.501961
c 744 613 16 0.490196 0.662745 0.764706 0.501961
c 271 90 21 0.32549 0.294118 0.196078 0.501961
c 406 686 41 0.447059 0.419608 0.388235 0.501961
c 274 538 46 0.215686 0.121569 0.0352941 0.501961
c 188 632 15 0.929412 0.964706 0.901961 0.501961
c 565 29 58 0.219608 0.133333 0.0470588 0.501961
c 753 677 24 0.435294 0.552941 0.611765 0.501961
c 688 465 40 0.156863 0.0666667 0 0.501961
c 681 611 41 0.168627 0.0627451 0 0.501961
c 658 185 45 0.537255 0.521569 0.533333 0.501961
c 399 130 62 0.827451 0.819608 0.811765 0.501961
c 254 464 18 0.811765 0.729412 0.54902 0.501961
c 212 617 20 0.364706 0.239216 0.0980392 0.501961
c 338 702 33 0.85098 1 1 0.501961
c 168 71 31 0.384314 0.431373 0.415686 0.501961
c 505 310 35 0.501961 0.411765 0.392157 0.501961
c 307 64 19 0.407843 0.278431 0.14902 0.501961
c 298 265 28 0.988235 0.988235 0.968627 0.501961
c 529 619 78 0.494118 0.466667 0.423529 0.501961
c 582 709 19 0.858824 1 1 0.501961
c 573 510 46 0.588235 0.588235 0.576471 0.501961
c 751 209 57 0.309804 0.27451 0.239216 0.501961
c 233 151 26 0.337255 0.27451 0.180392 0.501961
c 362 682 16 0.286275 0.258824 0.243137 0.501961
c 387 240 17 0 0.0784314 0.141176 0.501961
c 152 622 25 0.207843 0.321569 0.364706 0.501961
c 71 597 71 0 0.101961 0.168627 0.501961
c 212 574 17 0.819608 0.776471 0.627451 0.501961
c 364 280 16 0.403922 0.403922 0.423529 0.501961
c 874 142 85 0 0.0627451 0.137255 0.501961
c 210 312 35 0.596078 0.647059 0.603922 0.501961
c 186 605 12 0.996078 1 1 0.501961
c 181 553 25 0.164706 0.258824 0.309804 0.501961
c 614 635 32 0.207843 0.129412 0.0627451 0.501961
c 448 451 12 0.301961 0.0117647 0.0313726 0.501961
c 767 638 22 0.466667 0.611765 0.682353 0.501961
c 335 17 35 0.803922 0.717647 0.560784 0.501961
c 203 431 23 0.482353 0.564706 0.572549 0.501961
c 316 370 22 0.921569 0.890196 0.839216 0.501961
c 266 21 16 0.458824 0.313726 0.0901961 0.501961
c 333 143 39 0.952941 0.956863 0.945098 0.501961
c 314 534 27 0.34902 0.294118 0.215686 0.501961
c 341 644 18 0.396078 0.341176 0.282353 0.501961
c 632 336 52 0.623529 0.54902 0.545098 0.501961
c 351 246 10 0.768627 1 1 0.501961
c 221 73 29 0.745098 0.756863 0.619608 0.501961
c 251 202 24 0.533333 0.490196 0.392157 0.501961
c 433 64 20 0.717647 0.647059 0.564706 0.501961
c 641 667 14 0.533333 0.607843 0.619608 0.501961
c 297 465 34 0.203922 0.0980392 0 0.501961
c 443 473 18 0.839216 0.627451 0.682353 0.501961
c 398 586 67 0.72549 0.721569 0.666667 0.501961
c 190 244 29 0.25098 0.329412 0.341176 0.501961
c 482 88 44 0.6 0.521569 0.454902 0.501961
c 741 322 38 0.239216 0.254902 0.254902 0.501961
c 605 244 13 0.411765 0.690196 0.866667 0.501961
c 649 514 33 0.0588235 0.0745098 0.0745098 0.501961
c 256 354 34 0.415686 0.403922 0.341176 0.501961
c 703 400 33 0.188235 0.129412 0.0705882 0.501961
c 200 652 20 0.619608 0.533333 0.34902 0.501961
c 829 686 65 0 0 0 0.501961
c 339 436 19 0.894118 0.894118 0.85098 0.501961
c 592 225 18 0.0588235 0.0862745 0.141176 0.501961
c 646 125 51 0.47451 0.427451 0.4 0.501961
c 712 491 31 0.282353 0.266667 0.223529 0.501961
c 573 683 22 0.403922 0.34902 0.290196 0.501961
c 312 295 29 0.980392 0.992157 0.972549 0.501961
c 458 361 19 0.988235 0.996078 0.992157 0.501961
c 190 589 10 0.909804 1 1 0.501961
c 464 562 19 0.435294 0.431373 0.419608 0.501961
c 205 105 27 0.560784 0.54902 0.443137 0.501961
c 447 24 30 0.211765 0.133333 0.0627451 0.501961
c 451 495 17 0.47451 0.360784 0.337255 0.501961
c 356 492 17 0.901961 0.905882 0.839216 0.501961
c 492 395 19 0.423529 0.32549 0.341176 0.501961
c 285 40 23 0.823529 0.705882 0.490196 0.501961
c 538 698 28 0.470588 0.415686 0.356863 0.501961
c 51 694 38 0.00392157 0.0117647 0.0313726 0.501961
c 317 651 14 0.721569 0.839216 0.901961 0.501961
c 377 322 38 0.721569 0.721569 0.717647 0.501961
c 324 411 16 0.92549 0.921569 0.87451 0.501961
c 599 705 19 0.717647 0.917647 1 0.501961
c 163 585 18 0.239216 0.329412 0.356863 0.501961
c 238 491 11 0.901961 0.835294 0.658824 0.501961
c 415 453 7 0.180392 0 0.00784314 0.501961
c 672 262 37 0.580392 0.552941 0.54902 0.501961
c 695 355 16 0.0705882 0.027451 0 0.501961
c 731 598 10 0.458824 0.596078 0.682353 0.501961
c 171 305 26 0.341176 0.411765 0.407843 0.501961
c 71 340 71 0 0.101961 0.168627 0.501961
c 197 355 16 0.647059 0.678431 0.619608 0.501961
c 285 692 20 0.466667 0.435294 0.309804 0.501961
c 728 230 37 0.392157 0.333333 0.305882 0.501961
c 221 548 11 0.8 0.741176 0.607843 0.501961
c 473 527 16 0.772549 0.768627 0.772549 0.501961
c 314 242 11 0.505882 0.447059 0.407843 0.501961
c 345 197 21 0.658824 0.615686 0.576471 0.501961
c 344 75 18 0.682353 0.619608 0.552941 0.501961
c 785 342 82 0.184314 0.227451 0.247059 0.501961
c 534 455 12 0.258824 0.054902 0.0901961 0.501961
c 185 621 11 0.917647 1 1 0.501961
c 160 133 35 0.262745 0.337255 0.372549 0.501961
c 249 646 27 0.192157 0.121569 0.0431373 0.501961
c 643 709 20 0.25098 0.231373 0.180392 0.501961
c 359 39 19 0.337255 0.262745 0.176471 0.501961
c 260 267 12 0.568627 0.458824 0.321569 0.501961
c 348 665 10 0.282353 0.239216 0.211765 0.501961
c 287 400 16 0.301961 0.192157 0.0823529 0.501961
c 349 228 9 0.0117647 0.00784314 0.0470588 0.501961
c 247 398 18 0.619608 0.631373 0.588235 0.501961
c 490 165 51 0.592157 0.537255 0.509804 0.501961
c 516 224 36 0.454902 0.431373 0.45098 0.501961
c 492 7 11 0.768627 0.662745 0.486275 0.501961
c 387 654 33 0.631373 0.623529 0.568627 0.501961
c 150 189 43 0.145098 0.219608 0.258824 0.501961
c 149 629 27 0.227451 0.290196 0.321569 0.501961
c 406 266 25 0.392157 0.415686 0.439216 0.501961
c 751 106 60 0.294118 0.258824 0.196078 0.501961
c 212 408 11 0.705882 0.768627 0.729412 0.501961
c 215 445 31 0.34902 0.4 0.4 0.501961
c 333 698 24 0.847059 0.992157 1 0.501961
c 327 51 15 0.321569 0.215686 0.133333 0.501961
c 365 532 29 0.831373 0.831373 0.764706 0.501961
c 326 613 19 0.298039 0.247059 0.203922 0.501961
c 138 702 23 0 0 0 0.501961
c 230 366 26 0.298039 0.4 0.443137 0.501961
c 134 20 40 0.054902 0.137255 0.196078 0.501961
c 651 578 8 0.6 0.686275 0.72549 0.501961
c 556 270 25 0.364706 0.309804 0.305882 0.501961
c 288 157 25 0.819608 0.796078 0.745098 0.501961
c 462 678 26 0.494118 0.47451 0.435294 0.501961
c 271 316 15 0.654902 0.572549 0.439216 0.501961
c 379 703 11 0.258824 0.235294 0.219608 0.501961
c 376 203 20 0.462745 0.388235 0.337255 0.501961
c 297 439 22 0.145098 0.0588235 0 0.501961
c 283 245 16 0.976471 0.964706 0.937255 0.501961
c 88 493 88 0.0470588 0.145098 0.207843 0.501961
c 719 628 18 0.141176 0.0823529 0.0196078 0.501961
c 639 610 29 0.137255 0.0784314 0.0313726 0.501961
c 499 454 15 0.282353 0.121569 0.133333 0.501961
c 878 93 80 0.0352941 0.121569 0.172549 0.501961
c 427 418 30 0.788235 0.784314 0.776471 0.501961
c 367 239 5 0.729412 1 1 0.501961
c 727 703 20 0.0980392 0.0627451 0.0156863 0.501961
c 615 470 22 0.568627 0.54902 0.552941 0.501961
c 675 538 24 0.0509804 0 0 0.501961
c 426 471 13 0.847059 0.784314 0.807843 0.501961
c 192 517 24 0.333333 0.403922 0.427451 0.501961
c 627 229 14 0.168627 0.188235 0.254902 0.501961
c 645 561 12 0.572549 0.721569 0.807843 0.501961
c 432 452 7 0.356863 0.0509804 0.0627451 0.501961
c 205 603 12 0.380392 0.329412 0.215686 0.501961
c 199 157 20 0.423529 0.447059 0.423529 0.501961
c 683 430 18 0.0627451 0.00392157 0 0.501961
c 503 25 16 0.313726 0.2 0.0784314 0.501961
c 253 42 15 0.541176 0.466667 0.27451 0.501961
c 274 451 15 0.462745 0.32549 0.203922 0.501961
c 288 77 11 0.352941 0.278431 0.172549 0.501961
c 520 624 49 0.501961 0.486275 0.458824 0.501961
c 402 454 9 0.337255 0.247059 0.215686 0.501961
c 458 389 7 0.407843 0.176471 0.141176 0.501961
c 452 312 23 0.929412 0.956863 0.952941 0.501961
c 566 715 8 0.862745 1 1 0.501961
c 158 346 23 0.14902 0.235294 0.282353 0.501961
c 722 174 27 0.243137 0.235294 0.203922 0.501961
c 365 712 13 0.772549 0.952941 1 0.501961
c 261 64 12 0.843137 0.792157 0.619608 0.501961
c 594 675 16 0.286275 0.243137 0.196078 0.501961
c 267 611 12 0.498039 0.431373 0.317647 0.501961
c 881 580 78 0.027451 0.12549 0.180392 0.501961
c 284 363 10 0.27451 0.188235 0.0862745 0.501961
c 708 585 20 0.32549 0.266667 0.176471 0.501961
c 320 668 15 0.843137 0.972549 1 0.501961
c 463 473 10 0.764706 0.572549 0.627451 0.501961
c 321 82 14 0.694118 0.631373 0.556863 0.501961
c 612 239 9 0.556863 0.745098 0.854902 0.501961
c 558 454 9 0.258824 0.101961 0.133333 0.501961
c 657 657 20 0.34902 0.333333 0.27451 0.501961
c 403 28 16 0.270588 0.188235 0.109804 0.501961
c 438 189 22 0.701961 0.67451 0.658824 0.501961
c 226 506 12 0.733333 0.686275 0.545098 0.501961
c 583 244 7 0 0 0 0.501961
c 635 538 20 0.176471 0.223529 0.243137 0.501961
c 275 569 20 0.0901961 0.0431373 0.0196078 0.501961
c 522 494 25 0.470588 0.376471 0.388235 0.501961
c 653 399 21 0.54902 0.513726 0.52549 0.501961
c 257 370 18 0.6 0.580392 0.494118 0.501961
c 390 382 36 0.670588 0.596078 0.576471 0.501961
c 652 212 21 0.552941 0.533333 0.572549 0.501961
c 514 299 36 0.505882 0.447059 0.435294 0.501961
c 800 198 41 0.160784 0.2 0.223529 0.501961
c 206 705 14 0.403922 0.32549 0.207843 0.501961
c 736 31 62 0.172549 0.152941 0.121569 0.501961
c 238 569 19 0.380392 0.313726 0.215686 0.501961
c 362 12 22 0.647059 0.576471 0.458824 0.501961
c 261 502 15 0.168627 0.101961 0.0313726 0.501961
c 400 59 15 0.678431 0.631373 0.596078 0.501961
c 193 677 10 0.231373 0.164706 0.0235294 0.501961
c 417 247 18 0.356863 0.313726 0.301961 0.501961
c 619 175 14 0.337255 0.27451 0.247059 0.501961
c 314 172 16 0.988235 0.988235 0.980392 0.501961
c 612 668 11 0.180392 0.137255 0.0941176 0.501961
c 324 473 16 0.145098 0.121569 0.0862745 0.501961
c 673 490 21 0.0745098 0.0235294 0 0.501961
c 186 598 10 0.890196 1 1 0.501961
c 325 563 14 0.501961 0.423529 0.317647 0.501961
c 366 227 9 0.0470588 0.101961 0.160784 0.501961
c 744 287 36 0.329412 0.298039 0.27451 0.501961
c 616 690 12 0.654902 0.8 0.862745 0.501961
c 375 252 12 0.0392157 0.196078 0.290196 0.501961
c 247 240 12 0.870588 0.835294 0.780392 0.501961
c 583 327 43 0.529412 0.431373 0.403922 0.501961
c 895 707 23 0 0 0.00392157 0.501961
c 420 223 17 0.517647 0.443137 0.396078 0.501961
c 307 340 19 0.929412 0.898039 0.835294 0.501961
c 415 127 25 0.729412 0.701961 0.678431 0.501961
c 107 697 14 0.176471 0.305882 0.384314 0.501961
c 199 316 15 0.654902 0.67451 0.627451 0.501961
c 438 92 24 0.721569 0.690196 0.666667 0.501961
c 457 415 16 0.843137 0.827451 0.823529 0.501961
c 174 573 15 0.290196 0.337255 0.34902 0.501961
c 438 279 18 0.709804 0.760784 0.772549 0.501961
c 623 578 18 0.227451 0.180392 0.137255 0.501961
c 291 102 12 0.72549 0.72549 0.666667 0.501961
c 315 391 15 0.854902 0.85098 0.8 0.501961
c 308 22 24 0.768627 0.682353 0.521569 0.501961
c 344 255 15 0.701961 0.784314 0.847059 0.501961
c 228 68 13 0.823529 0.839216 0.733333 0.501961
c 232 154 16 0.290196 0.235294 0.164706 0.501961
c 678 581 21 0.101961 0.0470588 0 0.501961
c 226 404 6 0.65098 0.827451 0.870588 0.501961
c 260 122 19 0.454902 0.462745 0.419608 0.501961
c 387 523 38 0.796078 0.792157 0.745098 0.501961
c 228 220 19 0.552941 0.556863 0.509804 0.501961
c 465 275 10 0.945098 0.964706 0.960784 0.501961
c 491 561 14 0.376471 0.34902 0.352941 0.501961
c 900 304 59 0.0431373 0.137255 0.188235 0.501961
c 182 17 21 0.360784 0.447059 0.45098 0.501961
c 285 667 15 0.32549 0.27451 0.184314 0.501961
c 337 232 12 0.215686 0.168627 0.160784 0.501961
c 388 713 8 0.254902 0.207843 0.192157 0.501961
c 347 450 18 0.839216 0.827451 0.792157 0.501961
c 753 704 9 0.392157 0.454902 0.47451 0.501961
c 525 340 39 0.537255 0.466667 0.470588 0.501961
c 601 270 14 0.317647 0.32549 0.372549 0.501961
c 133 419 51 0.0784314 0.156863 0.207843 0.501961
c 442 373 11 0.913725 0.87451 0.831373 0.501961
c 700 298 18 0.501961 0.478431 0.447059 0.501961
c 690 382 15 0.113725 0.0745098 0.0352941 0.501961
c 609 21 37 0.258824 0.211765 0.152941 0.501961
c 284 519 18 0.368627 0.309804 0.223529 0.501961
c 213 565 13 0.733333 0.717647 0.623529 0.501961
c 554 102 60 0.462745 0.384314 0.337255 0.501961
c 619 413 48 0.552941 0.513726 0.517647 0.501961
c 347 269 8 0.501961 0.513726 0.533333 0.501961
c 255 448 9 0.709804 0.666667 0.545098 0.501961
c 568 692 17 0.407843 0.384314 0.34902 0.501961
c 231 443 14 0.243137 0.278431 0.27451 0.501961
c 199 279 18 0.45098 0.501961 0.482353 0.501961
c 184 701 8 0.803922 0.811765 0.705882 0.501961
c 331 639 9 0.34902 0.298039 0.239216 0.501961
c 323 220 12 0.654902 0.580392 0.556863 0.501961
c 448 454 7 0.219608 0.0627451 0.0588235 0.501961
c 545 257 11 0.235294 0.160784 0.14902 0.501961
c 421 348 16 0.74902 0.717647 0.682353 0.501961
c 513 385 5 0.247059 0.0431373 0.027451 0.501961
c 151 669 17 0.054902 0.0784314 0.0627451 0.501961
c 92 679 12 0 0 0 0.501961
c 298 423 14 0.105882 0.0509804 0.00784314 0.501961
c 256 88 16 0.423529 0.419608 0.34902 0.501961
c 613 222 10 0.141176 0.141176 0.188235 0.501961
c 751 625 18 0.423529 0.552941 0.627451 0.501961
c 262 19 7 0.219608 0.188235 0.121569 0.501961
c 358 348 33 0.780392 0.729412 0.694118 0.501961
c 762 596 17 0.0980392 0.168627 0.207843 0.501961
c 386 444 14 0.611765 0.607843 0.564706 0.501961
c 231 532 12 0.478431 0.380392 0.254902 0.501961
c 392 291 17 0.631373 0.623529 0.639216 0.501961
c 282 348 8 0.376471 0.25098 0.12549 0.501961
c 639 69 32 0.4 0.333333 0.298039 0.501961
c 670 454 16 0.0823529 0.027451 0 0.501961
c 664 316 22 0.580392 0.580392 0.580392 0.501961
c 259 251 8 0.584314 0.494118 0.380392 0.501961
c 364 62 12 0.686275 0.631373 0.564706 0.501961
c 580 625 24 0.415686 0.376471 0.341176 0.501961
c 801 664 19 0.0196078 0.0352941 0.054902 0.501961
c 307 632 12 0.470588 0.470588 0.427451 0.501961
c 265 411 14 0.498039 0.403922 0.270588 0.501961
c 268 683 20 0.439216 0.368627 0.25098 0.501961
c 661 134 22 0.498039 0.470588 0.458824 0.501961
c 251 593 15 0.129412 0.105882 0.0666667 0.501961
c 746 205 23 0.384314 0.333333 0.298039 0.501961
c 570 446 7 0.223529 0.180392 0.160784 0.501961
c 489 707 14 0.713726 0.721569 0.701961 0.501961
c 369 695 9 0.282353 0.25098 0.227451 0.501961
c 413 372 17 0.6 0.533333 0.501961 0.501961
c 261 298 20 0.690196 0.658824 0.568627 0.501961
c 449 47 13 0.470588 0.364706 0.25098 0.501961
c 619 260 12 0.305882 0.305882 0.364706 0.501961
c 380 245 7 0 0 0 0.501961
c 440 621 27 0.678431 0.686275 0.662745 0.501961
c 625 706 13 0.435294 0.54902 0.607843 0.501961
c 492 427 10 0.678431 0.658824 0.654902 0.501961
c 280 21 14 0.635294 0.501961 0.309804 0.501961
c 213 13 13 0.729412 0.752941 0.709804 0.501961
c 161 605 15 0.25098 0.317647 0.352941 0.501961
c 531 707 24 0.415686 0.368627 0.32549 0.501961
c 424 316 23 0.843137 0.87451 0.886275 0.501961
c 359 681 8 0.278431 0.231373 0.192157 0.501961
c 555 163 20 0.529412 0.462745 0.470588 0.501961
c 131 644 16 0.2 0.298039 0.360784 0.501961
c 692 679 38 0.227451 0.184314 0.121569 0.501961
c 761 685 9 0.454902 0.580392 0.647059 0.501961
c 709 492 18 0.32549 0.282353 0.223529 0.501961
c 258 160 14 0.568627 0.576471 0.517647 0.501961
c 372 241 4 0.564706 0.713726 0.811765 0.501961
c 517 457 6 0.105882 0.00392157 0 0.501961
c 92 706 18 0.133333 0.243137 0.305882 0.501961
c 573 186 12 0.278431 0.239216 0.211765 0.501961
c 232 385 16 0.294118 0.388235 0.423529 0.501961
c 753 501 36 0.121569 0.180392 0.215686 0.501961
c 182 633 8 0.796078 0.952941 1 0.501961
c 553 215 11 0.486275 0.439216 0.462745 0.501961
c 566 258 6 0.435294 0.572549 0.65098 0.501961
c 816 75 38 0.164706 0.192157 0.211765 0.501961
c 306 63 12 0.384314 0.298039 0.207843 0.501961
c 208 455 17 0.470588 0.52549 0.509804 0.501961
c 578 555 26 0.482353 0.466667 0.435294 0.501961
c 379 198 7 0.270588 0.196078 0.141176 0.501961
c 481 338 10 0.721569 0.631373 0.635294 0.501961
c 640 561 10 0.556863 0.670588 0.72549 0.501961
c 698 340 16 0.168627 0.129412 0.0784314 0.501961
c 78 228 45 0.054902 0.141176 0.196078 0.501961
c 771 98 21 0.337255 0.309804 0.247059 0.501961
c 215 128 14 0.529412 0.494118 0.376471 0.501961
c 338 43 11 0.290196 0.2 0.113725 0.501961
c 585 685 13 0.333333 0.309804 0.282353 0.501961
c 780 436 65 0.101961 0.168627 0.211765 0.501961
c 329 510 11 0.368627 0.384314 0.380392 0.501961
c 716 414 23 0.258824 0.227451 0.192157 0.501961
c 303 448 21 0.156863 0.0823529 0.0431373 0.501961
c 602 199 13 0.501961 0.454902 0.490196 0.501961
c 219 679 11 0.113725 0.0901961 0.0627451 0.501961
c 508 344 17 0.458824 0.368627 0.34902 0.501961
c 443 556 10 0.560784 0.552941 0.517647 0.501961
c 357 239 6 0.54902 0.764706 0.862745 0.501961
c 787 613 17 0.0784314 0.152941 0.2 0.501961
c 514 371 12 0.607843 0.564706 0.588235 0.501961
c 288 612 20 0.360784 0.286275 0.192157 0.501961
c 182 611 9 0.87451 1 1 0.501961
c 180 457 14 0.235294 0.294118 0.313726 0.501961
c 174 121 17 0.356863 0.415686 0.423529 0.501961
c 252 205 16 0.529412 0.505882 0.423529 0.501961
c 762 45 13 0.317647 0.294118 0.235294 0.501961
c 633 276 18 0.560784 0.52549 0.533333 0.501961
c 397 600 19 0.643137 0.643137 0.596078 0.501961
c 284 381 14 0.313726 0.247059 0.180392 0.501961
c 595 178 11 0.294118 0.239216 0.2 0.501961
c 248 460 9 0.752941 0.737255 0.635294 0.501961
c 244 480 9 0.811765 0.768627 0.635294 0.501961
c 198 622 7 0.713726 0.705882 0.635294 0.501961
c 632 674 9 0.576471 0.701961 0.741176 0.501961
c 274 643 20 0.180392 0.121569 0.0627451 0.501961
c 190 658 16 0.545098 0.482353 0.356863 0.501961
c 280 55 13 0.784314 0.745098 0.619608 0.501961
c 333 72 14 0.627451 0.564706 0.490196 0.501961
c 185 46 13 0.419608 0.47451 0.454902 0.501961
c 484 596 25 0.537255 0.552941 0.537255 0.501961
c 174 682 14 0.294118 0.270588 0.192157 0.501961
c 686 223 19 0.505882 0.47451 0.454902 0.501961
c 150 53 19 0.180392 0.25098 0.290196 0.501961
c 443 467 6 0.901961 0.831373 0.894118 0.501961
c 585 491 39 0.533333 0.521569 0.521569 0.501961
c 609 519 15 0.423529 0.396078 0.360784 0.501961
c 257 390 8 0.768627 0.713726 0.615686 0.501961
c 231 637 23 0.305882 0.25098 0.164706 0.501961
c 155 365 20 0.133333 0.211765 0.258824 0.501961
c 271 326 15 0.607843 0.52549 0.415686 0.501961
c 167 96 10 0.121569 0.176471 0.211765 0.501961
c 670 607 18 0.109804 0.0431373 0 0.501961
c 479 32 21 0.360784 0.282353 0.2 0.501961
c 508 439 13 0.478431 0.333333 0.364706 0.501961
c 327 240 7 0.2 0.156863 0.14902 0.501961
c 193 582 7 0.733333 0.882353 0.937255 0.501961
c 640 500 19 0.184314 0.215686 0.235294 0.501961
c 819 145 36 0.133333 0.184314 0.219608 0.501961
c 372 277 9 0.415686 0.376471 0.388235 0.501961
c 705 522 13 0.294118 0.262745 0.192157 0.501961
c 717 674 16 0.298039 0.27451 0.227451 0.501961
c 330 200 14 0.788235 0.788235 0.772549 0.501961
c 556 28 23 0.227451 0.168627 0.113725 0.501961
c 479 458 9 0.321569 0.141176 0.141176 0.501961
c 318 606 12 0.2 0.160784 0.121569 0.501961
c 455 253 13 0.694118 0.694118 0.65098 0.501961
c 295 203 25 0.886275 0.87451 0.847059 0.501961
c 560 668 27 0.462745 0.427451 0.380392 0.501961
c 356 476 16 0.835294 0.831373 0.784314 0.501961
c 739 229 13 0.462745 0.396078 0.392157 0.501961
c 371 213 12 0.509804 0.454902 0.443137 0.501961
c 454 340 14 1 1 1 0.501961
c 724 565 18 0.223529 0.172549 0.0941176 0.501961
c 74 659 10 0 0 0.0117647 0.501961
c 303 505 19 0.290196 0.235294 0.164706 0.501961
c 350 632 15 0.6 0.560784 0.501961 0.501961
c 428 394 16 0.74902 0.741176 0.74902 0.501961
c 228 458 8 0.235294 0.262745 0.27451 0.501961
c 599 584 16 0.388235 0.34902 0.301961 0.501961
c 216 485 17 0.419608 0.462745 0.45098 0.501961
c 814 350 19 0.223529 0.258824 0.278431 0.501961
c 679 70 21 0.282353 0.258824 0.223529 0.501961
c 360 196 7 0.368627 0.294118 0.231373 0.501961
c 212 242 14 0.431373 0.462745 0.447059 0.501961
c 498 291 11 0.458824 0.352941 0.286275 0.501961
c 323 582 11 0.4 0.345098 0.262745 0.501961
c 203 428 15 0.498039 0.541176 0.513726 0.501961
c 241 275 14 0.756863 0.729412 0.631373 0.501961
c 273 393 11 0.490196 0.403922 0.301961 0.501961
c 724 258 11 0.329412 0.196078 0.164706 0.501961
c 216 483 6 0.682353 0.698039 0.643137 0.501961
c 204 542 11 0.25098 0.313726 0.329412 0.501961
c 429 702 34 0.490196 0.47451 0.454902 0.501961
c 598 53 21 0.376471 0.321569 0.294118 0.501961
c 853 305 46 0.137255 0.188235 0.223529 0.501961
c 142 582 20 0.0705882 0.152941 0.203922 0.501961
c 123 134 25 0.14902 0.211765 0.25098 0.501961
c 387 259 8 0.156863 0.309804 0.407843 0.501961
c 488 525 20 0.654902 0.603922 0.580392 0.501961
c 356 259 8 0.662745 0.870588 0.976471 0.501961
c 155 186 11 0.0666667 0.133333 0.192157 0.501961
c 226 423 13 0.294118 0.352941 0.372549 0.501961
c 374 32 14 0.333333 0.258824 0.164706 0.501961
c 775 645 16 0.411765 0.529412 0.592157 0.501961
c 723 642 13 0.207843 0.168627 0.117647 0.501961
c 597 245 9 0.247059 0.411765 0.533333 0.501961
c 451 22 17 0.188235 0.12549 0.0862745 0.501961
c 481 417 10 0.498039 0.407843 0.388235 0.501961
c 552 436 13 0.52549 0.556863 0.568627 0.501961
c 452 441 7 0.647059 0.4 0.4 0.501961
c 349 568 16 0.760784 0.760784 0.682353 0.501961
c 341 430 22 0.831373 0.815686 0.772549 0.501961
c 407 183 15 0.733333 0.698039 0.678431 0.501961
c 399 203 9 0.392157 0.278431 0.176471 0.501961