b 576 720 0.694118 0.552941 0.509804
t 175 285 417 440 0.341176 0 0.0117647 0.501961
t 419 0 575 388 0.862745 0.980392 0.945098 0.501961
t 202 60 236 247 1 1 1 0.501961
t 372 110 391 427 0.258824 0 0 0.501961
t 0 0 92 558 0.937255 0.862745 0.784314 0.501961
t 130 585 518 719 0.482353 0.262745 0.235294 0.501961
t 76 36 202 415 0.898039 0.32549 0.231373 0.501961
t 233 177 339 221 0.376471 0.180392 0.0823529 0.501961
t 327 308 424 385 0.254902 0.00784314 0.113725 0.501961
t 52 409 132 538 0.905882 0.882353 0.862745 0.501961
t 210 118 258 177 1 1 0.996078 0.501961
t 232 36 277 113 0.780392 0.172549 0.0980392 0.501961
t 433 521 551 634 0.72549 0.203922 0.141176 0.501961
t 148 128 166 225 0.980392 0.956863 0.921569 0.501961
t 169 150 182 218 0 0 0.117647 0.501961
t 130 429 287 639 0.627451 0.690196 0.67451 0.501961
t 311 47 373 118 0.737255 0.219608 0.152941 0.501961
t 274 210 304 255 1 1 0.984314 0.501961
t 121 312 207 451 0.819608 0.290196 0.215686 0.501961
t 348 145 375 240 0.972549 0.901961 0.803922 0.501961
t 367 230 412 418 0.494118 0.129412 0.121569 0.501961
t 348 0 422 59 0.741176 0.854902 0.835294 0.501961
t 303 295 333 327 0.968627 0.8 0.682353 0.501961
t 283 381 348 541 0.392157 0.411765 0.368627 0.501961
t 187 246 208 288 0.235294 0 0.0431373 0.501961
t 406 390 487 535 0.470588 0.666667 0.694118 0.501961
t 191 64 240 109 1 0.905882 0.890196 0.501961
t 219 313 248 373 0.054902 0 0.101961 0.501961
t 358 272 376 340 0 0 0.180392 0.501961
t 316 126 356 166 0.882353 0.929412 0.882353 0.501961
t 544 187 575 388 0.572549 0.490196 0.47451 0.501961
t 0 459 32 557 0.588235 0.392157 0.364706 0.501961
t 412 144 515 326 0.858824 0.862745 0.811765 0.501961
t 178 114 206 151 0.482353 0.0235294 0.0745098 0.501961
t 318 377 373 447 0.501961 0.0705882 0.0588235 0.501961
t 58 70 152 190 0.847059 0.360784 0.247059 0.501961
t 213 246 261 297 0.972549 0.67451 0.505882 0.501961
t 199 143 225 243 1 1 0.941176 0.501961
t 322 317 357 374 0 0 0.235294 0.501961
t 240 391 307 439 0.529412 0.568627 0.537255 0.501961
t 406 256 421 416 0.709804 0.278431 0.254902 0.501961
t 219 195 272 205 0.231373 0.0470588 0 0.501961
t 325 275 352 300 0.968627 0.819608 0.698039 0.501961
t 388 0 437 149 0.709804 0.729412 0.717647 0.501961
t 518 447 575 555 0.721569 0.329412 0.286275 0.501961
t 0 268 102 397 0.792157 0.823529 0.768627 0.501961
t 290 52 306 94 1 0.905882 0.964706 0.501961
t 279 477 392 607 0.545098 0.607843 0.54902 0.501961
t 315 192 354 201 0 0 0 0.501961
t 350 597 452 686 0.666667 0.207843 0.14902 0.501961
t 264 67 288 109 0.439216 0.12549 0.0823529 0.501961
t 374 127 389 186 0.0823529 0 0.101961 0.501961
t 272 657 304 680 0.92549 0.890196 0.627451 0.501961
t 143 180 153 257 1 0.933333 0.831373 0.501961
t 369 438 448 557 0.623529 0.682353 0.662745 0.501961
t 0 0 31 241 0.866667 0.901961 0.858824 0.501961
t 162 105 173 156 0.917647 0.92549 0.823529 0.501961
t 275 281 311 293 0.286275 0 0 0.501961
t 267 238 277 283 1 1 0.917647 0.501961
t 243 259 309 269 0.611765 0.160784 0.0901961 0.501961
t 355 207 369 252 0.952941 1 0.929412 0.501961
t 274 100 305 213 0.529412 0.470588 0.447059 0.501961
t 30 0 137 43 0.92549 0.8 0.701961 0.501961
t 171 136 194 184 0.415686 0.00392157 0.235294 0.501961
t 460 350 553 426 0.741176 0.729412 0.686275 0.501961
t 240 296 304 325 0.803922 0.392157 0.298039 0.501961
t 167 231 182 300 0.847059 0.607843 0.756863 0.501961
t 24 513 126 593 0.721569 0.67451 0.686275 0.501961
t 389 205 412 303 0.709804 0.313726 0.282353 0.501961
t 215 679 342 719 0.490196 0.2 0.164706 0.501961
t 362 101 381 137 0.427451 0.054902 0.0627451 0.501961
t 81 622 246 719 0.458824 0.443137 0.45098 0.501961
t 49 419 146 503 0.866667 0.807843 0.764706 0.501961
t 0 0 574 18 0.819608 0.788235 0.737255 0.501961
t 347 294 364 354 0 0 0.152941 0.501961
t 274 35 291 54 1 0.882353 0.921569 0.501961
t 231 211 243 307 0.901961 0.615686 0.462745 0.501961
t 406 561 492 656 0.678431 0.266667 0.207843 0.501961
t 111 333 145 399 0.788235 0.223529 0.0392157 0.501961
t 314 195 335 210 0 0 0.0235294 0.501961
t 366 245 384 308 0.121569 0.0156863 0.176471 0.501961
t 343 239 361 281 0.988235 0.788235 0.658824 0.501961
t 235 117 266 147 1 0.988235 0.905882 0.501961
t 127 429 220 442 0.639216 0.239216 0.231373 0.501961
t 166 203 175 232 0.172549 0 0.184314 0.501961
t 201 647 267 719 0.396078 0.282353 0.266667 0.501961
t 416 359 441 456 0.458824 0.52549 0.541176 0.501961
t 215 346 226 430 0.207843 0.0156863 0.141176 0.501961
t 404 138 573 197 0.74902 0.752941 0.721569 0.501961
t 203 120 225 133 0.835294 0.45098 0.258824 0.501961
t 279 204 286 254 1 1 1 0.501961
t 49 28 86 264 0.878431 0.6 0.478431 0.501961
t 468 608 575 719 0.654902 0.529412 0.47451 0.501961
t 225 34 268 77 0.737255 0.282353 0.278431 0.501961
t 196 56 215 95 1 0.984314 0.952941 0.501961
t 166 488 255 565 0.733333 0.760784 0.733333 0.501961
t 180 203 188 262 0.890196 0.686275 0.729412 0.501961
t 348 367 409 426 0.592157 0.176471 0.117647 0.501961
t 250 161 276 228 0.560784 0.301961 0.211765 0.501961
t 113 84 155 144 0.776471 0.270588 0.184314 0.501961
t 222 299 233 337 0.0196078 0 0.0588235 0.501961
t 0 317 39 471 0.65098 0.686275 0.662745 0.501961
t 386 110 396 134 1 0.835294 0.803922 0.501961
t 239 197 261 210 0 0.0431373 0.054902 0.501961
t 299 37 357 59 0.745098 0.262745 0.34902 0.501961
t 294 321 314 380 0.65098 0.486275 0.494118 0.501961
t 303 644 385 695 0.541176 0.235294 0.203922 0.501961
t 303 440 338 510 0.407843 0.396078 0.345098 0.501961
t 380 126 388 276 0.227451 0.0156863 0.0901961 0.501961
t 267 297 283 302 1 0.937255 1 0.501961
t 403 672 518 719 0.709804 0.533333 0.462745 0.501961
t 86 247 154 301 0.882353 0.501961 0.352941 0.501961
t 123 599 366 654 0.501961 0.466667 0.462745 0.501961
t 411 331 427 393 0.662745 0.317647 0.301961 0.501961
t 280 487 311 534 0.733333 0.682353 0.584314 0.501961
t 151 146 159 200 0.976471 1 0.92549 0.501961
t 246 328 285 372 0.564706 0.152941 0.0509804 0.501961
t 204 278 219 345 0.772549 0.356863 0.368627 0.501961
t 253 276 269 287 1 1 0.87451 0.501961
t 117 141 145 213 0.803922 0.266667 0.192157 0.501961
t 217 205 229 291 0.968627 0.913725 0.807843 0.501961
t 456 503 536 620 0.72549 0.305882 0.25098 0.501961
t 52 391 81 432 0.807843 0.619608 0.509804 0.501961
t 351 38 396 88 0.627451 0.54902 0.521569 0.501961
t 344 55 366 130 0.882353 0.431373 0.270588 0.501961
t 226 114 239 121 0.788235 0.270588 0.0745098 0.501961
t 314 367 339 386 0.0509804 0.00784314 0.211765 0.501961
t 252 303 309 313 0.552941 0.137255 0.0235294 0.501961
t 185 177 204 239 0.8 0.505882 0.427451 0.501961
t 170 167 183 205 0.160784 0 0.129412 0.501961
t 226 233 267 275 0.772549 0.443137 0.411765 0.501961
t 218 128 246 173 0.988235 1 0.988235 0.501961
t 84 301 109 408 0.886275 0.607843 0.470588 0.501961
t 318 69 335 110 0.580392 0.192157 0.0784314 0.501961
t 440 409 473 484 0.419608 0.564706 0.588235 0.501961
t 266 272 284 281 1 1 1 0.501961
t 382 285 391 326 0.741176 0.352941 0.32549 0.501961
t 551 406 575 518 0.717647 0.380392 0.341176 0.501961
t 390 314 404 358 0.129412 0.0117647 0 0.501961
t 158 173 167 269 0.788235 0.376471 0.490196 0.501961
t 74 423 106 453 0.94902 0.968627 0.941176 0.501961
t 171 94 177 116 0.980392 1 0.823529 0.501961
t 92 13 236 59 0.835294 0.537255 0.435294 0.501961
t 21 452 45 495 0.705882 0.494118 0.447059 0.501961
t 179 102 200 156 0.603922 0.188235 0.192157 0.501961
t 324 274 341 311 0.803922 0.631373 0.52549 0.501961
t 300 272 317 282 1 0.87451 0.780392 0.501961
t 254 111 276 179 0.764706 0.662745 0.584314 0.501961
t 397 431 408 537 0.686275 0.729412 0.709804 0.501961
t 365 197 373 239 0.847059 0.968627 0.917647 0.501961
t 289 183 304 231 0.721569 0.498039 0.458824 0.501961
t 391 168 401 300 0.666667 0.333333 0.317647 0.501961
t 301 113 328 166 0.623529 0.65098 0.654902 0.501961
t 268 674 299 681 0.898039 0.831373 0.623529 0.501961
t 526 213 575 253 0.596078 0.564706 0.54902 0.501961
t 230 293 238 301 1 1 0.980392 0.501961
t 256 290 318 296 0.329412 0 0.0392157 0.501961
t 494 0 575 101 0.87451 0.870588 0.827451 0.501961
t 285 548 320 638 0.47451 0.494118 0.454902 0.501961
t 152 399 212 428 0.72549 0.376471 0.380392 0.501961
t 201 209 240 216 1 1 0.972549 0.501961
t 306 309 327 338 0.776471 0.619608 0.588235 0.501961
t 273 225 288 252 1 1 1 0.501961
t 279 420 320 461 0.447059 0.431373 0.352941 0.501961
t 256 99 333 108 0.568627 0.254902 0.152941 0.501961
t 531 574 575 719 0.619608 0.501961 0.454902 0.501961
t 236 320 256 381 0.313726 0.0980392 0.156863 0.501961
t 185 259 211 303 0.501961 0.156863 0.188235 0.501961
t 286 58 314 69 0.988235 0.772549 0.890196 0.501961
t 329 416 383 443 0.447059 0.141176 0.0862745 0.501961
t 438 359 542 402 0.760784 0.741176 0.686275 0.501961
t 203 643 275 667 0.376471 0.360784 0.380392 0.501961
t 161 386 172 410 0.92549 0.627451 0.584314 0.501961
t 312 172 342 177 0.411765 0.227451 0.12549 0.501961
t 384 77 426 116 0.592157 0.572549 0.580392 0.501961
t 431 467 443 512 0.760784 0.819608 0.815686 0.501961
t 361 202 367 261 0.901961 0.898039 0.807843 0.501961
t 335 177 375 190 0.94902 0.694118 0.529412 0.501961
t 139 218 148 274 0.956863 0.745098 0.65098 0.501961
t 239 71 248 107 0.988235 0.623529 0.454902 0.501961
t 204 141 223 198 0.976471 1 0.984314 0.501961
t 164 146 171 180 0.733333 0.443137 0.564706 0.501961
t 369 98 377 163 0.419608 0.180392 0.219608 0.501961
t 151 47 166 116 0.784314 0.317647 0.211765 0.501961
t 289 231 311 257 0.956863 0.682353 0.647059 0.501961
t 243 307 253 313 0.972549 0.886275 0.741176 0.501961
t 39 493 51 533 0.886275 0.890196 0.87451 0.501961
t 274 346 295 390 0.682353 0.403922 0.317647 0.501961
t 450 484 491 546 0.635294 0.513726 0.482353 0.501961
t 194 161 228 175 0.933333 0.94902 0.937255 0.501961
t 325 508 351 543 0.443137 0.415686 0.368627 0.501961
t 448 576 480 624 0.631373 0.184314 0.133333 0.501961
t 148 264 159 342 0.866667 0.313726 0.137255 0.501961
t 316 533 331 558 0.780392 0.764706 0.666667 0.501961
t 0 218 59 403 0.760784 0.784314 0.752941 0.501961
t 12 318 46 325 0.52549 0.505882 0.478431 0.501961
t 400 149 415 185 0.905882 0.792157 0.768627 0.501961
t 220 293 226 309 0.117647 0 0.054902 0.501961
t 486 415 547 481 0.647059 0.576471 0.564706 0.501961
t 229 357 232 403 0.803922 0.458824 0.47451 0.501961
t 318 215 341 230 0.529412 0.278431 0.211765 0.501961
t 372 324 383 351 0.678431 0.219608 0.141176 0.501961
t 309 329 323 407 0.352941 0.215686 0.384314 0.501961
t 339 305 374 335 0.117647 0.00784314 0.211765 0.501961
t 0 264 16 327 0.839216 0.890196 0.854902 0.501961
t 260 197 279 216 0.576471 0.192157 0.0745098 0.501961
t 280 280 306 285 0.537255 0.0235294 0.0196078 0.501961
t 207 205 224 252 0.956863 0.976471 0.929412 0.501961
t 181 75 233 87 0.92549 0.796078 0.807843 0.501961
t 341 285 355 290 1 0.85098 0.835294 0.501961
t 203 233 210 249 0.854902 0.556863 0.333333 0.501961
t 200 363 214 401 0.45098 0.0862745 0.196078 0.501961
t 416 192 433 266 0.898039 0.898039 0.847059 0.501961
t 279 469 294 497 0.784314 0.745098 0.607843 0.501961
t 234 312 245 337 0.137255 0 0.0588235 0.501961
t 246 80 268 109 0.843137 0.301961 0.101961 0.501961
t 277 659 288 666 1 1 0.941176 0.501961
t 237 302 245 308 0.988235 0.972549 0.905882 0.501961
t 391 126 400 148 1 0.803922 0.760784 0.501961
t 406 529 459 572 0.662745 0.509804 0.470588 0.501961
t 183 92 188 124 0.478431 0.0980392 0.0705882 0.501961
t 328 135 365 167 0.87451 0.819608 0.741176 0.501961
t 191 101 206 123 0.909804 0.560784 0.478431 0.501961
t 231 178 239 193 1 0.772549 0.501961 0.501961
t 339 200 350 298 0.796078 0.607843 0.552941 0.501961
t 442 655 521 671 0.733333 0.509804 0.439216 0.501961
t 10 336 41 357 0.639216 0.623529 0.580392 0.501961
t 168 402 192 456 0.741176 0.313726 0.282353 0.501961
t 10 574 163 668 0.647059 0.572549 0.537255 0.501961
t 274 677 283 691 0.388235 0.168627 0.184314 0.501961
t 81 178 139 229 0.835294 0.360784 0.27451 0.501961
t 310 694 436 719 0.694118 0.419608 0.34902 0.501961
t 180 286 222 304 0.623529 0.239216 0.235294 0.501961
t 178 86 183 96 0.929412 1 0.815686 0.501961
t 331 632 437 678 0.615686 0.25098 0.2 0.501961
t 286 250 296 276 0.701961 0.305882 0.239216 0.501961
t 240 37 269 51 0.529412 0.176471 0.184314 0.501961
t 206 53 220 121 0.984314 0.898039 0.823529 0.501961
t 544 526 575 606 0.721569 0.529412 0.458824 0.501961
t 291 0 349 32 0.647059 0.682353 0.658824 0.501961
t 364 266 383 299 0.2 0.0313726 0.180392 0.501961
t 155 138 161 180 0.980392 1 0.905882 0.501961
t 504 661 548 719 0.635294 0.592157 0.568627 0.501961
t 201 439 237 490 0.670588 0.678431 0.654902 0.501961
t 242 220 272 240 0.713726 0.305882 0.34902 0.501961
t 3 113 38 191 0.929412 0.858824 0.788235 0.501961
t 186 126 211 136 0.627451 0.192157 0.129412 0.501961
t 353 363 362 378 0.729412 0.352941 0.360784 0.501961
t 518 117 575 208 0.713726 0.698039 0.658824 0.501961
t 266 316 304 329 0.72549 0.498039 0.439216 0.501961
t 268 401 301 417 0.607843 0.580392 0.6 0.501961
t 235 423 273 502 0.627451 0.623529 0.533333 0.501961
t 0 701 8 719 0.972549 0.803922 0.741176 0.501961
t 294 653 299 658 1 1 0.890196 0.501961
t 167 208 170 250 0.411765 0.129412 0.219608 0.501961
t 267 250 272 261 1 1 1 0.501961
t 111 67 153 161 0.803922 0.345098 0.258824 0.501961
t 191 242 199 273 0.282353 0.0823529 0.156863 0.501961
t 301 471 324 497 0.403922 0.384314 0.321569 0.501961
t 232 357 258 411 0.458824 0.211765 0.258824 0.501961
t 18 52 103 79 0.886275 0.647059 0.529412 0.501961
t 448 97 481 172 0.831373 0.85098 0.815686 0.501961
t 265 136 309 183 0.498039 0.486275 0.47451 0.501961
t 277 61 285 103 0.419608 0.184314 0.192157 0.501961
t 215 261 241 281 0.87451 0.670588 0.478431 0.501961
t 270 626 341 654 0.458824 0.364706 0.345098 0.501961
t 225 306 238 316 0.129412 0 0.0431373 0.501961
t 4 0 98 10 0.858824 0.87451 0.862745 0.501961
t 299 659 308 669 0.968627 0.847059 0.462745 0.501961
t 351 189 362 201 0.870588 0.447059 0.32549 0.501961
t 165 114 171 128 0.996078 1 0.921569 0.501961
t 430 449 436 470 0.764706 0.890196 0.909804 0.501961
t 188 130 196 164 0.427451 0.0431373 0.109804 0.501961
t 329 554 341 573 0.780392 0.788235 0.733333 0.501961
t 28 520 120 568 0.756863 0.670588 0.670588 0.501961
t 58 301 88 343 0.901961 0.827451 0.756863 0.501961
t 12 200 37 284 0.721569 0.713726 0.670588 0.501961
t 406 18 495 78 0.780392 0.792157 0.756863 0.501961
t 384 101 390 116 1 0.729412 0.709804 0.501961
t 428 267 523 340 0.870588 0.886275 0.831373 0.501961
t 242 377 248 400 0.823529 0.45098 0.364706 0.501961
t 371 238 387 262 0.235294 0.0941176 0.0823529 0.501961
t 259 50 276 79 0.576471 0.313726 0.368627 0.501961
t 226 287 233 294 1 1 0.945098 0.501961
t 249 313 255 317 1 0.972549 0.862745 0.501961
t 347 449 373 529 0.568627 0.607843 0.564706 0.501961
t 93 413 124 422 0.945098 0.894118 0.831373 0.501961
t 489 442 509 456 0.803922 0.403922 0.341176 0.501961
t 247 293 263 309 0.615686 0.231373 0.0235294 0.501961
t 536 467 555 548 0.698039 0.341176 0.298039 0.501961
t 305 517 319 533 0.788235 0.756863 0.654902 0.501961
t 71 370 104 410 0.847059 0.572549 0.458824 0.501961
t 112 418 151 430 0.831373 0.631373 0.588235 0.501961
t 144 380 151 402 0.964706 0.596078 0.490196 0.501961
t 530 196 555 393 0.745098 0.709804 0.666667 0.501961
t 319 322 332 344 0.368627 0.254902 0.411765 0.501961
t 179 212 183 228 0.964706 0.858824 0.87451 0.501961
t 293 437 302 480 0.376471 0.372549 0.290196 0.501961
t 309 312 323 323 0.988235 0.796078 0.67451 0.501961
t 125 559 168 716 0.552941 0.47451 0.482353 0.501961
t 334 382 419 408 0.580392 0.188235 0.164706 0.501961
t 472 64 516 114 0.72549 0.733333 0.698039 0.501961
t 171 164 180 216 0.231373 0 0.152941 0.501961
t 355 289 368 348 0.113725 0.00392157 0.164706 0.501961
t 144 200 154 229 0.960784 0.905882 0.815686 0.501961
t 185 189 188 206 0.878431 0.835294 0.878431 0.501961
t 342 71 375 87 0.870588 0.54902 0.431373 0.501961
t 288 373 308 407 0.380392 0.380392 0.482353 0.501961
t 241 170 256 180 0.882353 0.576471 0.32549 0.501961
t 339 29 368 47 0.576471 0.607843 0.596078 0.501961
t 226 562 280 615 0.615686 0.623529 0.611765 0.501961
t 25 44 52 116 0.913725 0.72549 0.607843 0.501961
t 107 349 147 391 0.784314 0.278431 0.145098 0.501961
t 563 193 575 264 0.533333 0.505882 0.505882 0.501961
t 278 36 294 57 1 0.729412 0.745098 0.501961
t 407 423 439 451 0.415686 0.552941 0.568627 0.501961
t 56 284 65 304 0.635294 0.568627 0.529412 0.501961
t 488 594 502 621 0.792157 0.490196 0.427451 0.501961
t 349 580 392 613 0.627451 0.490196 0.45098 0.501961
t 317 201 334 207 0 0 0 0.501961
t 384 142 390 213 0.223529 0.0431373 0.133333 0.501961
t 268 287 321 293 0.270588 0.0313726 0.0235294 0.501961
t 131 271 148 347 0.87451 0.494118 0.345098 0.501961
t 302 189 318 218 0.431373 0.258824 0.309804 0.501961
t 151 407 163 420 0.866667 0.631373 0.580392 0.501961
t 409 167 416 208 0.898039 0.866667 0.831373 0.501961
t 118 432 169 438 0.682353 0.290196 0.227451 0.501961
t 174 227 190 253 0.862745 0.556863 0.611765 0.501961
t 443 463 481 489 0.454902 0.513726 0.521569 0.501961
t 232 120 272 129 0.933333 0.92549 0.87451 0.501961
t 81 308 112 344 0.866667 0.662745 0.564706 0.501961
t 210 703 319 719 0.580392 0.254902 0.211765 0.501961
t 309 276 323 285 0.960784 0.776471 0.678431 0.501961
t 79 464 160 515 0.792157 0.737255 0.698039 0.501961
t 283 293 300 303 0.796078 0.0392157 0.309804 0.501961
t 0 374 21 484 0.662745 0.631373 0.596078 0.501961
t 270 670 274 682 1 1 0.733333 0.501961
t 362 351 374 365 0.729412 0.231373 0.176471 0.501961
t 406 250 416 334 0.643137 0.294118 0.27451 0.501961
t 56 442 92 467 0.913725 0.909804 0.886275 0.501961
t 480 541 537 588 0.717647 0.258824 0.2 0.501961
t 361 45 387 66 0.529412 0.556863 0.576471 0.501961
t 350 203 358 285 0.882353 0.737255 0.662745 0.501961
t 219 45 237 65 0.913725 0.392157 0.301961 0.501961
t 312 245 332 276 0.670588 0.431373 0.403922 0.501961
t 176 108 183 129 0.729412 0.411765 0.360784 0.501961
t 147 0 299 28 0.74902 0.596078 0.529412 0.501961
t 201 408 210 423 0.705882 0.568627 0.556863 0.501961
t 153 216 162 274 0.894118 0.423529 0.415686 0.501961
t 287 670 295 674 0.384314 0.160784 0.113725 0.501961
t 0 499 20 560 0.67451 0.470588 0.423529 0.501961
t 159 418 174 435 0.65098 0.203922 0.141176 0.501961
t 291 36 329 47 0.858824 0.329412 0.313726 0.501961
t 338 535 356 559 0.47451 0.462745 0.411765 0.501961
t 292 493 305 515 0.776471 0.752941 0.65098 0.501961
t 270 268 279 280 0.972549 1 0.964706 0.501961
t 184 174 186 193 0.219608 0.0941176 0.27451 0.501961
t 294 678 297 685 1 1 0.87451 0.501961
t 386 75 401 102 0.501961 0.47451 0.498039 0.501961
t 361 278 365 288 0 0 0 0.501961
t 390 577 437 614 0.670588 0.341176 0.301961 0.501961
t 176 95 179 104 1 1 0.905882 0.501961
t 344 301 354 369 0.101961 0.0117647 0.152941 0.501961
t 69 110 100 246 0.847059 0.501961 0.411765 0.501961
t 108 443 125 473 0.894118 0.878431 0.839216 0.501961
t 333 87 378 106 0.827451 0.360784 0.227451 0.501961
t 163 268 171 328 0.839216 0.529412 0.568627 0.501961
t 253 332 301 349 0.596078 0.219608 0.117647 0.501961
t 380 343 397 373 0.282353 0.0627451 0.0196078 0.501961
t 332 284 344 305 0.854902 0.666667 0.6 0.501961
t 375 199 385 228 0.6 0.258824 0.184314 0.501961
t 561 373 575 447 0.745098 0.443137 0.403922 0.501961
t 17 360 73 375 0.87451 0.85098 0.792157 0.501961
t 267 300 277 305 0.917647 0.647059 0.643137 0.501961
t 332 208 344 235 0.607843 0.423529 0.388235 0.501961
t 2 286 51 314 0.839216 0.858824 0.819608 0.501961
t 170 369 178 391 0.913725 0.517647 0.482353 0.501961
t 115 323 134 404 0.792157 0.290196 0.145098 0.501961
t 34 128 72 193 0.890196 0.682353 0.572549 0.501961
t 278 214 287 248 1 1 0.960784 0.501961
t 276 260 285 268 0.545098 0.105882 0.0156863 0.501961
t 373 121 386 143 0.2 0.0509804 0.152941 0.501961
t 366 221 368 253 0.870588 0.941176 0.862745 0.501961
t 389 268 394 316 0.686275 0.439216 0.411765 0.501961
t 313 116 346 130 0.701961 0.682353 0.643137 0.501961
t 285 507 298 604 0.576471 0.568627 0.537255 0.501961
t 194 363 204 412 0.643137 0.196078 0.247059 0.501961
t 217 130 229 193 0.968627 0.984314 0.941176 0.501961
t 339 201 377 209 0.815686 0.772549 0.72549 0.501961
t 28 592 110 652 0.701961 0.607843 0.552941 0.501961
t 279 79 313 82 0.882353 0.65098 0.603922 0.501961
t 68 345 84 428 0.862745 0.670588 0.572549 0.501961
t 426 395 450 428 0.470588 0.639216 0.666667 0.501961
t 237 197 250 206 0 0.027451 0.0235294 0.501961
t 221 62 231 86 0.952941 0.65098 0.729412 0.501961
t 285 303 305 307 0.372549 0 0 0.501961
t 396 212 408 300 0.6 0.282353 0.25098 0.501961
t 130 34 197 67 0.780392 0.447059 0.360784 0.501961
t 221 295 228 384 0.2 0.0901961 0.152941 0.501961
t 248 178 285 198 0.603922 0.380392 0.254902 0.501961
t 217 198 230 204 0.819608 0.392157 0.192157 0.501961
t 302 296 311 298 0.992157 0.831373 0.909804 0.501961
t 318 506 329 523 0.384314 0.352941 0.294118 0.501961
t 180 133 185 170 0.741176 0.160784 0.360784 0.501961
t 299 267 309 280 0.92549 0.780392 0.705882 0.501961
t 442 62 460 88 0.866667 0.882353 0.847059 0.501961
t 271 657 278 661 0.266667 0.192157 0.219608 0.501961
t 245 281 258 290 0.94902 0.788235 0.588235 0.501961
t 309 652 364 673 0.498039 0.309804 0.298039 0.501961
t 268 34 308 38 0.913725 0.54902 0.552941 0.501961
t 455 214 460 238 0.615686 0.635294 0.592157 0.501961
t 16 317 32 322 0.447059 0.411765 0.392157 0.501961
t 451 370 482 394 0.843137 0.819608 0.752941 0.501961
t 392 153 394 184 0.670588 0.164706 0.219608 0.501961
t 148 366 155 387 0.960784 0.584314 0.466667 0.501961
t 357 236 362 275 0.886275 0.768627 0.65098 0.501961
t 465 407 516 437 0.592157 0.635294 0.631373 0.501961
t 310 51 319 115 0.65098 0.388235 0.443137 0.501961
t 279 198 298 208 0.831373 0.568627 0.407843 0.501961
t 472 22 533 53 0.862745 0.870588 0.823529 0.501961
t 296 242 309 253 0.960784 0.882353 0.839216 0.501961
t 194 120 204 144 0.631373 0.223529 0.141176 0.501961
t 532 149 562 165 0.843137 0.835294 0.788235 0.501961
t 209 415 226 435 0.494118 0.227451 0.270588 0.501961
t 396 299 403 318 0.152941 0.121569 0.160784 0.501961
t 271 239 287 256 0.992157 0.976471 0.917647 0.501961
t 217 434 244 458 0.678431 0.67451 0.639216 0.501961
t 464 620 502 657 0.729412 0.392157 0.329412 0.501961
t 247 264 268 272 0.670588 0.329412 0.2 0.501961
t 201 277 212 360 0.733333 0.32549 0.305882 0.501961
t 211 257 213 263 1 1 1 0.501961
t 194 66 211 96 0.960784 0.921569 0.913725 0.501961
t 31 401 57 443 0.764706 0.741176 0.690196 0.501961
t 346 373 352 384 0.611765 0.396078 0.458824 0.501961
t 236 283 246 297 0.847059 0.447059 0.188235 0.501961
t 252 452 285 479 0.717647 0.678431 0.552941 0.501961
t 504 197 530 258 0.737255 0.729412 0.686275 0.501961
t 367 257 370 273 0.0392157 0 0.0784314 0.501961
t 159 121 168 143 0.968627 0.952941 0.8 0.501961
t 201 680 212 704 0.576471 0.494118 0.439216 0.501961
t 294 81 304 88 1 0.988235 0.941176 0.501961
t 349 296 357 303 0 0 0.0823529 0.501961
t 332 314 348 377 0.141176 0.0392157 0.180392 0.501961
t 377 677 428 694 0.72549 0.368627 0.305882 0.501961
t 335 191 345 197 0.054902 0.0235294 0 0.501961
t 183 203 186 218 0.972549 0.890196 0.85098 0.501961
t 209 397 214 409 0.768627 0.572549 0.529412 0.501961
t 442 480 446 515 0.796078 0.803922 0.772549 0.501961
t 298 258 305 261 0.172549 0.0392157 0.0509804 0.501961
t 154 69 173 100 0.780392 0.337255 0.239216 0.501961
t 165 315 189 373 0.858824 0.329412 0.247059 0.501961
t 255 316 257 321 1 0.956863 0.815686 0.501961
t 394 133 401 161 0.992157 0.713726 0.686275 0.501961
t 406 76 430 158 0.658824 0.67451 0.647059 0.501961
t 422 427 428 473 0.396078 0.498039 0.517647 0.501961
t 283 249 299 260 0.92549 0.568627 0.482353 0.501961
t 244 695 245 703 1 0.937255 0.792157 0.501961
t 328 526 334 537 0.309804 0.290196 0.243137 0.501961
t 21 378 35 384 0.564706 0.533333 0.486275 0.501961
t 363 141 371 168 0.752941 0.588235 0.537255 0.501961
t 302 387 330 399 0.317647 0.152941 0.27451 0.501961
t 7 659 91 719 0.6 0.560784 0.490196 0.501961
t 295 524 308 584 0.521569 0.498039 0.443137 0.501961
t 523 595 563 645 0.654902 0.486275 0.419608 0.501961
t 315 175 332 193 0.533333 0.290196 0.168627 0.501961
t 312 448 356 474 0.482353 0.494118 0.458824 0.501961
t 430 10 454 34 0.701961 0.686275 0.662745 0.501961
t 415 612 458 649 0.580392 0.219608 0.172549 0.501961
t 486 502 521 527 0.772549 0.490196 0.435294 0.501961
t 141 448 203 457 0.678431 0.529412 0.52549 0.501961
t 130 104 147 188 0.784314 0.298039 0.219608 0.501961
t 146 334 151 367 0.721569 0.203922 0.109804 0.501961
t 13 549 73 582 0.733333 0.666667 0.631373 0.501961
t 295 663 299 667 0.329412 0.184314 0.160784 0.501961
t 380 306 392 324 0.635294 0.188235 0.160784 0.501961
t 155 380 162 399 0.666667 0.184314 0.188235 0.501961
t 288 645 293 660 0.427451 0.25098 0.239216 0.501961
t 208 206 228 237 0.956863 0.980392 0.956863 0.501961
t 60 38 113 68 0.847059 0.576471 0.470588 0.501961
t 170 176 176 228 0.266667 0.0470588 0.192157 0.501961
t 203 514 264 571 0.709804 0.717647 0.686275 0.501961
t 299 217 311 237 0.694118 0.513726 0.592157 0.501961
t 9 324 31 332 0.862745 0.882353 0.831373 0.501961
t 275 419 316 446 0.47451 0.447059 0.384314 0.501961
t 127 513 169 567 0.65098 0.611765 0.588235 0.501961
t 380 401 401 433 0.47451 0.160784 0.156863 0.501961
t 265 112 283 130 0.796078 0.666667 0.611765 0.501961
t 235 664 265 687 0.384314 0.254902 0.258824 0.501961
t 19 5 34 5 0.294118 0.309804 0.294118 0.501961
t 305 64 312 99 0.847059 0.576471 0.592157 0.501961
t 186 213 202 234 0.815686 0.423529 0.317647 0.501961
t 15 342 25 349 0.905882 0.929412 0.882353 0.501961
t 381 93 386 106 1 0.670588 0.666667 0.501961
t 29 267 34 280 0.541176 0.521569 0.47451 0.501961
t 387 112 395 129 0.976471 0.772549 0.72549 0.501961
t 126 293 131 374 0.827451 0.341176 0.172549 0.501961
t 188 83 192 96 0.619608 0.321569 0.321569 0.501961
t 0 598 21 652 0.627451 0.513726 0.431373 0.501961
t 171 125 175 150 0.737255 0.454902 0.478431 0.501961
t 224 117 229 123 0.772549 0.388235 0.203922 0.501961