L 1321 223 1202 151 0
L 1321 223 1416 160 0
L 1321 223 1304 335 0
L 1321 223 1247 198 0
L 1321 223 1372 280 0
L 1321 223 1310 271 0
L 1321 223 1368 238 0
L 1321 223 1363 189 0
L 1321 223 1369 256 0
L 1321 223 1330 337 0
L 1321 223 1333 129 0
L 1321 223 1452 226 0
L 1321 223 1234 195 0
L 1321 223 1251 194 0
L 1321 223 1259 149 0
L 1321 223 1239 178 0
L 1321 223 1360 306 0
L 1321 223 1354 171 0
L 1321 223 1255 282 0
L 1321 223 1429 218 0
L 1321 223 1287 175 0
L 1321 223 1345 285 0
L 1321 223 1303 145 0
L 1321 223 1452 264 0
L 1321 223 1256 241 0
L 1321 223 1403 196 0
L 1321 223 1315 290 0
L 1321 223 1258 271 0
L 1321 223 1426 215 0
L 1321 223 1325 168 0
L 1321 223 1415 260 0
L 1321 223 1331 280 0
L 1321 223 1361 129 0
L 1321 223 1262 223 0
L 1321 223 1433 290 0
L 1321 223 1320 283 0
L 1321 223 1290 358 0
L 1321 223 1323 164 0
L 1321 223 1423 283 0
L 1321 223 1342 308 0
L 1321 223 1309 305 0
L 1321 223 1243 113 0
L 1321 223 1295 305 0
L 1321 223 1410 204 0
L 1321 223 1271 81 0
L 1321 223 1385 201 0
L 1321 223 1333 306 0
L 1321 223 1419 306 0
L 1321 223 1262 257 0
L 1321 223 1380 269 0
L 1321 223 1260 256 0
L 1321 223 1295 270 0
L 1321 223 1258 87 0
L 1321 223 1246 190 0
L 1321 223 1292 112 0
L 1321 223 1393 202 0
L 1321 223 1461 246 0
L 1321 223 1393 293 0
L 1321 223 1239 261 0
L 1321 223 1408 297 0
L 1321 223 1325 302 0
L 1321 223 1435 258 0
L 1321 223 1379 216 0
L 1321 223 1326 280 0
L 1321 223 1356 187 0
L 1321 223 1348 367 0
L 1321 223 1407 193 0
L 1321 223 1247 203 0
L 1321 223 1343 293 0
L 1321 223 1445 293 0
L 1321 223 1285 350 0
L 1321 223 1240 182 0
L 1321 223 1452 182 0
L 1321 223 1354 272 0
L 1321 223 1247 147 0
L 1321 223 1300 279 0
L 1321 223 1312 139 0
L 1321 223 1290 282 0
L 1321 223 1403 218 0
L 1321 223 1420 125 0
L 1321 223 1385 114 0
L 1321 223 1398 203 0
L 1321 223 1406 177 0
L 1321 223 1232 255 0
L 1321 223 1396 338 0
L 1321 223 1378 332 0
L 1321 223 1443 198 0
L 1321 223 1369 319 0
L 1321 223 1246 168 0
L 1321 223 1267 241 0
L 1321 223 1273 95 0
L 1321 223 1325 297 0
L 1321 223 1290 348 0
L 1321 223 1269 251 0
L 1321 223 1390 301 0
L 1321 223 1236 219 0
L 1321 223 1399 250 0
L 1321 223 1388 236 0
L 1321 223 1236 219 0
L 1321 223 1268 207 1
L 1321 223 1002 211 1
L 1321 223 1026 224 1
L 1321 223 1014 247 0
L 1321 223 1037 260 1
L 1321 223 1025 277 1
L 1321 223 1009 307 1
L 1321 223 1200 370 0
L 1321 223 1264 405 0
L 721 297 730 370 0
L 721 297 778 343 0
L 721 297 738 343 0
L 721 297 773 283 0
L 721 297 724 382 0
L 721 297 660 407 0
L 721 297 699 238 0
L 721 297 771 286 0
L 721 297 692 442 0
L 721 297 649 239 0
L 721 297 754 390 0
L 721 297 718 410 0
L 721 297 699 379 0
L 721 297 780 334 0
L 721 297 614 343 0
L 721 297 688 441 0
L 721 297 628 216 0
L 721 297 811 303 0
L 721 297 768 239 0
L 721 297 795 253 0
L 721 297 813 327 0
L 721 297 777 290 0
L 721 297 667 289 0
L 721 297 728 349 0
L 721 297 653 346 0
L 721 297 751 213 0
L 721 297 792 350 0
L 721 297 808 289 0
L 721 297 811 290 0
L 721 297 809 259 0
L 721 297 493 308 0
L 721 297 707 354 0
L 721 297 719 167 0
L 721 297 655 418 0
L 721 297 593 317 0
L 721 297 789 294 0
L 721 297 801 260 0
L 721 297 775 284 0
L 721 297 618 325 0
L 721 297 631 312 0
L 721 297 695 212 0
L 721 297 809 344 0
L 721 297 665 191 0
L 721 297 755 237 0
L 721 297 802 298 0
L 721 297 684 364 0
L 721 297 744 392 0
L 721 297 706 375 0
L 721 297 756 362 0
L 721 297 780 346 0
L 721 297 791 357 0
L 721 297 671 276 0
L 721 297 646 184 0
L 721 297 719 405 0
L 721 297 687 414 0
L 721 297 642 256 0
L 721 297 730 217 0
L 721 297 790 273 0
L 721 297 623 313 0
L 721 297 766 225 0
L 721 297 658 388 0
L 721 297 701 358 0
L 721 297 661 266 0
L 721 297 677 327 0
L 721 297 629 320 0
L 721 297 781 278 0
L 721 297 795 237 0
L 721 297 776 233 0
L 721 297 792 228 0
L 721 297 661 301 0
L 721 297 758 352 0
L 721 297 744 372 0
L 721 297 780 369 0
L 721 297 745 345 0
L 721 297 618 266 0
L 721 297 730 243 0
L 721 297 707 242 0
L 721 297 815 285 0
L 721 297 669 292 0
L 721 297 724 362 0
L 721 297 758 252 0
L 721 297 701 246 0
L 721 297 672 373 0
L 721 297 702 153 0
L 721 297 739 226 0
L 721 297 757 372 0
L 721 297 636 201 0
L 721 297 697 402 0
L 721 297 799 307 0
L 721 297 759 244 0
L 721 297 665 191 0
L 721 297 803 353 0
L 721 297 750 235 0
L 721 297 753 387 0
L 721 297 589 368 0
L 721 297 662 405 0
L 721 297 748 391 0
L 721 297 729 226 0
L 721 297 758 264 0
L 721 297 801 277 0
L 721 297 1002 211 0
L 721 297 1026 224 0
L 721 297 1014 247 1
L 721 297 1037 260 0
L 721 297 1025 277 0
L 721 297 1009 307 0
L 721 297 879 423 0
L 721 297 866 439 0
L 721 297 844 458 0
L 1091 592 758 623 0
L 1091 592 1010 739 0
L 1091 592 1160 722 0
L 1091 592 904 523 0
L 1091 592 1031 705 0
L 1091 592 1314 673 0
L 1091 592 1220 489 0
L 1091 592 1048 740 0
L 1091 592 920 542 0
L 1091 592 985 465 0
L 1091 592 1125 784 1
L 1091 592 1137 465 0
L 1091 592 1136 762 0
L 1091 592 802 661 0
L 1091 592 977 674 0
L 1091 592 1031 737 0
L 1091 592 1000 691 0
L 1091 592 1077 744 0
L 1091 592 967 498 0
L 1091 592 906 514 0
L 1091 592 1042 752 0
L 1091 592 1036 737 0
L 1091 592 1001 457 0
L 1091 592 1145 775 0
L 1091 592 1200 621 0
L 1091 592 945 553 0
L 1091 592 1169 472 0
L 1091 592 922 605 0
L 1091 592 1245 623 0
L 1091 592 1036 747 0
L 1091 592 1216 563 0
L 1091 592 1217 710 0
L 1091 592 993 623 0
L 1091 592 974 554 0
L 1091 592 1156 501 0
L 1091 592 1242 481 0
L 1091 592 1003 441 0
L 1091 592 1218 471 0
L 1091 592 1312 602 0
L 1091 592 1196 535 0
L 1091 592 1171 653 0
L 1091 592 956 606 0
L 1091 592 1137 471 0
L 1091 592 1222 722 0
L 1091 592 936 508 0
L 1091 592 1094 445 0
L 1091 592 979 701 0
L 1091 592 1086 395 0
L 1091 592 961 573 0
L 1091 592 1159 709 0
L 1091 592 961 645 0
L 1091 592 936 473 0
L 1091 592 992 647 0
L 1091 592 1222 718 0
L 1091 592 1270 534 0
L 1091 592 974 558 0
L 1091 592 1071 407 0
L 1091 592 913 665 0
L 1091 592 1131 702 0
L 1091 592 1020 493 0
L 1091 592 1152 728 0
L 1091 592 1003 444 0
L 1091 592 1049 724 0
L 1091 592 1196 577 0
L 1091 592 979 668 0
L 1091 592 1209 680 0
L 1091 592 1156 692 0
L 1091 592 1276 638 0
L 1091 592 916 558 0
L 1091 592 1211 461 0
L 1091 592 999 660 0
L 1091 592 930 575 0
L 1091 592 1138 454 0
L 1091 592 1198 573 0
L 1091 592 1221 538 0
L 1091 592 1152 468 0
L 1091 592 1172 530 0
L 1091 592 1024 448 0
L 1091 592 1131 473 0
L 1091 592 1035 414 0
L 1091 592 1122 460 0
L 1091 592 974 731 0
L 1091 592 974 449 0
L 1091 592 1010 711 0
L 1091 592 1109 450 0
L 1091 592 1135 502 0
L 1091 592 1073 725 0
L 1091 592 1226 555 0
L 1091 592 957 701 0
L 1091 592 1277 568 0
L 1091 592 1002 520 0
L 1091 592 1139 766 0
L 1091 592 1029 692 0
L 1091 592 1157 675 0
L 1091 592 1156 448 0
L 1091 592 1148 704 0
L 1091 592 1272 552 0
L 1091 592 1183 473 0
L 1091 592 1024 701 0
L 1091 592 1067 425 0
L 1091 592 1200 370 1
L 1091 592 1264 405 1
L 1091 592 879 423 1
L 1091 592 866 439 1
L 1091 592 844 458 1
L 1196 535 1385 449 1
L 1385 449 1515 391 0
L 1312 602 1355 604 1
L 1355 604 1398 565 0
L 1355 604 1414 596 0
L 1355 604 1414 618 0
L 1355 604 1398 647 0
L 1091 592 1314 673 0
L 1314 673 1376 660 3
L 1314 673 1368 691 1
L 1314 673 1339 720 4
L 1091 592 1160 637 0
L 1160 637 1214 672 1
L 1214 672 1257 700 0
L 1222 718 1249 741 1
L 1249 741 1305 750 0
L 1249 741 1253 802 0
L 1125 784 1128 863 0
L 1136 762 1158 845 1
L 1145 775 1168 841 1
L 1091 592 831 618 1
L 1091 592 876 573 1
L 1091 592 816 534 1
L 1091 592 808 702 1
L 876 573 584 551 0
L 831 618 544 683 4
L 808 702 544 683 0
L 802 661 544 683 1
L 816 534 538 515 0
L 758 623 694 731 1
L 802 661 584 551 3
L 831 618 584 551 0
L 831 618 756 580 3
L 758 623 356 623 3
L 758 623 356 623 3
L 493 308 426 442 4
L 493 308 437 290 1
L 493 308 387 243 4
L 387 243 316 198 0
L 493 308 440 214 3
L 440 214 399 137 0
L 426 442 406 413 0
L 426 442 379 404 0
L 426 442 366 434 0
L 426 442 393 451 0
L 426 442 314 522 1
L 314 522 277 598 0
L 314 522 355 589 3
L 355 589 325 604 1
L 325 604 356 623 0
L 277 598 285 624 4
L 426 442 511 470 0
L 511 470 570 442 4
L 570 442 721 297 0
L 570 442 422 549 7
L 422 549 402 509 5
L 422 549 326 574 6
L 326 574 232 574 0
L 422 549 538 515 4
L 538 515 491 508 0
L 538 515 476 486 0
L 538 515 522 483 0
L 285 624 189 692 3
L 189 692 162 705 0
L 356 623 315 654 0
L 356 623 342 663 0
L 356 623 383 658 1
L 356 623 307 635 0
L 356 623 407 654 0
L 356 623 420 646 0
L 356 623 442 641 0
L 544 683 407 654 1
L 544 683 420 646 1
L 544 683 442 641 1
L 422 549 369 593 0
L 369 593 266 673 0
L 266 673 224 732 0
L 224 732 154 790 1
L 154 790 110 814 0
L 266 673 245 709 0
L 266 673 236 679 0
L 422 549 415 594 1
L 415 594 383 658 0
L 422 549 356 623 3
L 422 549 544 683 3
L 538 515 503 597 0
L 503 597 544 683 3
L 503 597 584 551 4
L 426 442 509 460 0
L 509 460 584 551 1
L 356 623 275 768 0
L 275 768 226 803 4
L 226 803 185 828 0
L 275 768 218 846 3
L 218 846 145 883 0
L 356 623 309 643 0
L 356 623 292 645 0
L 356 623 359 685 0
L 356 623 387 614 1
L 356 623 427 646 0
L 356 623 288 648 0
L 356 623 299 658 3
L 356 623 392 581 3
L 356 623 327 554 0
L 356 623 330 639 0
L 356 623 325 643 1
L 356 623 327 637 0
L 356 623 283 628 0
L 356 623 338 668 0
L 356 623 402 659 0
L 356 623 337 661 4
L 356 623 317 600 3
L 356 623 382 613 0
L 356 623 340 649 0
L 356 623 349 557 0
L 356 623 353 694 1
L 356 623 320 616 0
L 356 623 376 640 0
L 356 623 372 562 3
L 356 623 351 598 0
L 426 442 492 496 0
L 426 442 414 545 0
L 426 442 494 392 4
L 426 442 367 492 0
L 426 442 407 527 0
L 426 442 371 510 3
L 426 442 357 409 1
L 426 442 359 518 0
L 426 442 501 445 0
L 426 442 356 382 3
L 426 442 332 489 0
L 426 442 376 535 0
L 426 442 328 386 0
L 426 442 341 452 0
L 426 442 328 470 4
L 426 442 440 524 0
L 426 442 317 457 0
L 426 442 327 397 0
L 426 442 524 443 3
L 426 442 490 351 0
L 426 442 419 537 0
L 426 442 330 482 1
L 426 442 320 401 1
L 426 442 334 462 1
L 426 442 539 421 1
L 426 442 336 513 0
L 426 442 448 526 0
L 426 442 435 536 0
L 426 442 312 449 0
L 426 442 369 520 0
L 426 442 329 480 3
L 426 442 504 379 0
L 426 442 466 540 0
L 426 442 357 512 0
L 426 442 484 505 0
L 426 442 346 523 3
L 426 442 371 360 4
L 426 442 433 346 0
L 426 442 524 466 0
L 426 442 500 358 1
L 426 442 530 447 1
L 426 442 482 501 1
L 426 442 320 441 0
L 426 442 506 445 3
L 426 442 519 384 0
M 1202 151 2
M 1416 160 2
M 1304 335 2
M 1247 198 2
M 1372 280 2
M 1310 271 2
M 1368 238 2
M 1363 189 2
M 1369 256 2
M 1330 337 2
M 1333 129 2
M 1452 226 2
M 1234 195 2
M 1251 194 2
M 1259 149 2
M 1239 178 2
M 1360 306 2
M 1354 171 2
M 1255 282 2
M 1429 218 2
M 1287 175 2
M 1345 285 2
M 1303 145 2
M 1452 264 2
M 1256 241 2
M 1403 196 2
M 1315 290 2
M 1258 271 2
M 1426 215 2
M 1325 168 2
M 1415 260 2
M 1331 280 2
M 1361 129 2
M 1262 223 2
M 1433 290 2
M 1320 283 2
M 1290 358 2
M 1323 164 2
M 1423 283 2
M 1342 308 2
M 1309 305 2
M 1243 113 2
M 1295 305 2
M 1410 204 2
M 1271 81 2
M 1385 201 2
M 1333 306 2
M 1419 306 2
M 1262 257 2
M 1380 269 2
M 1260 256 2
M 1295 270 2
M 1258 87 2
M 1246 190 2
M 1292 112 2
M 1393 202 2
M 1461 246 2
M 1393 293 2
M 1239 261 2
M 1408 297 2
M 1325 302 2
M 1435 258 2
M 1379 216 2
M 1326 280 2
M 1356 187 2
M 1348 367 2
M 1407 193 2
M 1247 203 2
M 1343 293 2
M 1445 293 2
M 1285 350 2
M 1240 182 2
M 1452 182 2
M 1354 272 2
M 1247 147 2
M 1300 279 2
M 1312 139 2
M 1290 282 2
M 1403 218 2
M 1420 125 2
M 1385 114 2
M 1398 203 2
M 1406 177 2
M 1232 255 2
M 1396 338 2
M 1378 332 2
M 1443 198 2
M 1369 319 2
M 1246 168 2
M 1267 241 2
M 1273 95 2
M 1325 297 2
M 1290 348 2
M 1269 251 2
M 1390 301 2
M 1236 219 2
M 1399 250 2
M 1388 236 2
M 1236 219 2
M 1268 207 2
M 1002 211 2
M 1026 224 2
M 1014 247 2
M 1037 260 2
M 1025 277 2
M 1009 307 2
M 730 370 2
M 778 343 2
M 738 343 2
M 773 283 2
M 724 382 2
M 660 407 2
M 699 238 2
M 771 286 2
M 692 442 2
M 649 239 2
M 754 390 2
M 718 410 2
M 699 379 2
M 780 334 2
M 614 343 2
M 688 441 2
M 628 216 2
M 811 303 2
M 768 239 2
M 795 253 2
M 813 327 2
M 777 290 2
M 667 289 2
M 728 349 2
M 653 346 2
M 751 213 2
M 792 350 2
M 808 289 2
M 811 290 2
M 809 259 2
M 493 308 2
M 707 354 2
M 719 167 2
M 655 418 2
M 593 317 2
M 789 294 2
M 801 260 2
M 775 284 2
M 618 325 2
M 631 312 2
M 695 212 2
M 809 344 2
M 665 191 2
M 755 237 2
M 802 298 2
M 684 364 2
M 744 392 2
M 706 375 2
M 756 362 2
M 780 346 2
M 791 357 2
M 671 276 2
M 646 184 2
M 719 405 2
M 687 414 2
M 642 256 2
M 730 217 2
M 790 273 2
M 623 313 2
M 766 225 2
M 658 388 2
M 701 358 2
M 661 266 2
M 677 327 2
M 629 320 2
M 781 278 2
M 795 237 2
M 776 233 2
M 792 228 2
M 661 301 2
M 758 352 2
M 744 372 2
M 780 369 2
M 745 345 2
M 618 266 2
M 730 243 2
M 707 242 2
M 815 285 2
M 669 292 2
M 724 362 2
M 758 252 2
M 701 246 2
M 672 373 2
M 702 153 2
M 739 226 2
M 757 372 2
M 636 201 2
M 697 402 2
M 799 307 2
M 759 244 2
M 665 191 2
M 803 353 2
M 750 235 2
M 753 387 2
M 589 368 2
M 662 405 2
M 748 391 2
M 729 226 2
M 758 264 2
M 801 277 2
M 758 623 2
M 1010 739 2
M 1160 722 2
M 904 523 2
M 1031 705 2
M 1314 673 2
M 1220 489 2
M 1048 740 2
M 920 542 2
M 985 465 2
M 1125 784 2
M 1137 465 2
M 1136 762 2
M 802 661 2
M 977 674 2
M 1031 737 2
M 1000 691 2
M 1077 744 2
M 967 498 2
M 906 514 2
M 1042 752 2
M 1036 737 2
M 1001 457 2
M 1145 775 2
M 1200 621 2
M 945 553 2
M 1169 472 2
M 922 605 2
M 1245 623 2
M 1036 747 2
M 1216 563 2
M 1217 710 2
M 993 623 2
M 974 554 2
M 1156 501 2
M 1242 481 2
M 1003 441 2
M 1218 471 2
M 1312 602 2
M 1196 535 2
M 1171 653 2
M 956 606 2
M 1137 471 2
M 1222 722 2
M 936 508 2
M 1094 445 2
M 979 701 2
M 1086 395 2
M 961 573 2
M 1159 709 2
M 961 645 2
M 936 473 2
M 992 647 2
M 1222 718 2
M 1270 534 2
M 974 558 2
M 1071 407 2
M 913 665 2
M 1131 702 2
M 1020 493 2
M 1152 728 2
M 1003 444 2
M 1049 724 2
M 1196 577 2
M 979 668 2
M 1209 680 2
M 1156 692 2
M 1276 638 2
M 916 558 2
M 1211 461 2
M 999 660 2
M 930 575 2
M 1138 454 2
M 1198 573 2
M 1221 538 2
M 1152 468 2
M 1172 530 2
M 1024 448 2
M 1131 473 2
M 1035 414 2
M 1122 460 2
M 974 731 2
M 974 449 2
M 1010 711 2
M 1109 450 2
M 1135 502 2
M 1073 725 2
M 1226 555 2
M 957 701 2
M 1277 568 2
M 1002 520 2
M 1139 766 2
M 1029 692 2
M 1157 675 2
M 1156 448 2
M 1148 704 2
M 1272 552 2
M 1183 473 2
M 1024 701 2
M 1067 425 2
M 1200 370 2
M 1264 405 2
M 1385 449 2
M 1515 391 2
M 1355 604 2
M 879 423 2
M 866 439 2
M 844 458 2
M 1398 565 2
M 1414 596 2
M 1414 618 2
M 1398 647 2
M 1314 673 2
M 1376 660 2
M 1368 691 2
M 1339 720 2
M 1160 637 2
M 1214 672 2
M 1257 700 2
M 1249 741 2
M 1305 750 2
M 1253 802 2
M 1128 863 2
M 1158 845 2
M 1168 841 2
M 831 618 2
M 876 573 2
M 816 534 2
M 808 702 2
M 538 515 2
M 694 731 2
M 756 580 2
M 437 290 2
M 387 243 2
M 316 198 2
M 440 214 2
M 399 137 2
M 406 413 2
M 379 404 2
M 366 434 2
M 393 451 2
M 314 522 2
M 277 598 2
M 355 589 2
M 325 604 2
M 285 624 2
M 511 470 2
M 570 442 2
M 422 549 2
M 402 509 2
M 326 574 2
M 232 574 2
M 491 508 2
M 476 486 2
M 522 483 2
M 189 692 2
M 162 705 2
M 315 654 2
M 342 663 2
M 383 658 2
M 407 654 2
M 420 646 2
M 442 641 2
M 307 635 2
M 369 593 2
M 266 673 2
M 224 732 2
M 154 790 2
M 110 814 2
M 245 709 2
M 236 679 2
M 415 594 2
M 383 658 2
M 503 597 2
M 509 460 2
M 275 768 2
M 226 803 2
M 185 828 2
M 218 846 2
M 145 883 2
M 309 643 2
M 292 645 2
M 359 685 2
M 387 614 2
M 427 646 2
M 288 648 2
M 299 658 2
M 392 581 2
M 327 554 2
M 330 639 2
M 325 643 2
M 327 637 2
M 283 628 2
M 338 668 2
M 402 659 2
M 337 661 2
M 317 600 2
M 382 613 2
M 340 649 2
M 349 557 2
M 353 694 2
M 320 616 2
M 376 640 2
M 372 562 2
M 351 598 2
M 492 496 2
M 414 545 2
M 494 392 2
M 367 492 2
M 407 527 2
M 371 510 2
M 357 409 2
M 359 518 2
M 501 445 2
M 356 382 2
M 332 489 2
M 376 535 2
M 328 386 2
M 341 452 2
M 328 470 2
M 440 524 2
M 317 457 2
M 327 397 2
M 524 443 2
M 490 351 2
M 419 537 2
M 330 482 2
M 320 401 2
M 334 462 2
M 539 421 2
M 336 513 2
M 448 526 2
M 435 536 2
M 312 449 2
M 369 520 2
M 329 480 2
M 504 379 2
M 466 540 2
M 357 512 2
M 484 505 2
M 346 523 2
M 371 360 2
M 433 346 2
M 524 466 2
M 500 358 2
M 530 447 2
M 482 501 2
M 320 441 2
M 506 445 2
M 519 384 2
S 1321 223 1
S 721 297 1
S 1091 592 1
S 584 551 1
S 544 683 1
S 356 623 1
S 426 442 1